CV:    -1	23.50	19.17	
Univ:   0	20.69	20.23	4.7996	
Univ:   1	20.23	25.40	0.4793	
Univ:   2	25.40	20.02	1.7721	
Univ:   3	31.43	23.67	0.0265	
Univ:   4	20.02	18.83	2.0172	
Univ:   5	24.34	18.55	18.2290	
Univ:   6	23.67	20.33	6.0805	
Univ:   7	26.36	22.66	0.0146	
Univ:   8	23.74	25.67	0.0004	
Univ:   9	18.83	19.18	1.7594	
Univ:  10	18.55	19.91	0.0766	
Univ:  11	23.56	21.52	0.7419	
Univ:  12	20.33	20.08	0.0040	
Univ:  13	26.01	19.63	0.9884	
Univ:  14	22.66	19.06	3.7430	
Univ:  15	25.67	19.01	2.3940	
Univ:  16	19.18	28.43	0.0000	
Univ:  17	19.91	18.69	1.1059	
Univ:  18	21.52	21.74	0.5576	
Univ:  19	25.71	24.15	0.4062	
Univ:  20	20.08	18.20	8.8922	
Univ:  21	30.18	19.76	1.5933	
Univ:  22	20.66	20.38	2.6269	
Univ:  23	26.10	29.10	0.0001	
Univ:  24	25.79	21.47	1.4874	
Univ:  25	19.63	20.71	7.7481	
Univ:  26	26.89	18.97	17.6498	
Univ:  27	28.15	25.29	0.0009	
Univ:  28	19.06	20.56	4.5745	
Univ:  29	25.12	26.10	0.0003	
Univ:  30	19.01	23.77	0.0193	
Univ:  31	28.43	22.84	0.0494	
Univ:  32	23.85	19.55	0.3966	
Univ:  33	18.69	21.87	1.6450	
Univ:  34	21.74	23.97	0.0201	
Univ:  35	23.14	27.27	0.0087	
Univ:  36	22.14	19.91	0.0244	
Univ:  37	24.90	21.57	0.0577	
Univ:  38	24.23	27.58	0.0001	
Univ:  39	24.76	23.49	0.0473	
Univ:  40	24.15	20.56	0.5808	
Univ:  41	18.20	17.70	14.5763	
Univ:  42	27.26	19.91	26.9529	
Univ:  43	19.76	23.91	0.7016	
Univ:  44	20.38	20.26	2.7736	
Univ:  45	30.22	25.11	0.0235	
Univ:  46	29.10	26.43	0.0095	
Univ:  47	26.29	24.36	0.0129	
Univ:  48	21.47	25.91	0.0008	
Univ:  49	28.81	25.38	0.0030	
Univ:  50	20.71	23.25	0.6466	
Univ:  51	18.97	23.03	0.0040	
Univ:  52	19.57	19.48	11.4931	
Univ:  53	21.79	18.91	2.6397	
Univ:  54	25.29	23.90	0.0894	
Univ:  55	20.56	24.97	0.0015	
Univ:  56	26.10	18.36	5.7128	
Univ:  57	22.15	22.91	0.0052	
Univ:  58	22.30	19.70	0.0783	
Univ:  59	26.93	24.41	0.0194	
Univ:  60	23.80	20.28	4.3324	
Univ:  61	22.44	22.92	1.0557	
Univ:  62	22.34	26.26	0.0226	
Univ:  63	23.77	23.36	0.0181	
Univ:  64	22.84	18.40	3.9175	
Univ:  65	19.55	31.73	0.0000	
Univ:  66	21.87	25.25	0.3415	
Univ:  67	23.97	23.92	0.0084	
Univ:  68	27.27	21.10	0.1674	
Univ:  69	19.91	23.53	0.0586	
Univ:  70	22.84	19.62	1.6557	
Univ:  71	21.57	24.95	0.0107	
Univ:  72	28.27	22.86	1.4372	
Univ:  73	27.58	27.18	0.0084	
Univ:  74	25.70	19.86	0.1002	
Univ:  75	21.73	26.24	0.0041	
Univ:  76	25.17	21.75	0.0228	
Univ:  77	23.49	26.26	0.0001	
Univ:  78	20.56	27.77	0.0120	
Univ:  79	20.50	23.74	0.0490	
Univ:  80	17.70	24.77	0.0345	
Univ:  81	19.91	18.78	10.2078	
Univ:  82	23.91	27.19	0.0006	
Univ:  83	20.48	25.30	0.0006	
Univ:  84	20.26	17.49	0.5262	
Univ:  85	21.12	20.87	6.2670	
Univ:  86	22.28	25.93	0.0189	
Univ:  87	22.23	23.06	2.3601	
Univ:  88	25.11	24.47	0.0079	
Univ:  89	28.41	17.39	1.9393	
Univ:  90	23.59	22.19	0.1171	
Univ:  91	27.49	20.29	4.6141	
Univ:  92	26.43	25.00	0.0016	
Univ:  93	27.90	29.26	0.0003	
Univ:  94	25.56	21.35	8.0226	
Univ:  95	24.36	26.90	0.0009	
Univ:  96	25.91	23.75	0.0862	
Univ:  97	29.30	20.99	0.1362	
Univ:  98	25.25	21.15	5.0591	
Univ:  99	25.38	22.28	0.0254	
Univ: 100	23.25	25.00	0.0020	
Univ: 101	23.70	18.19	2.7334	
Univ: 102	29.11	24.28	0.1932	
Univ: 103	22.71	21.83	0.0646	
Univ: 104	23.57	20.27	6.9364	
Univ: 105	25.06	17.26	22.2632	
Univ: 106	24.01	23.27	0.3077	
Univ: 107	23.03	24.90	0.2392	
Univ: 108	19.48	24.14	0.7333	
Univ: 109	18.91	24.55	0.0140	
Univ: 110	23.90	25.11	0.0016	
Univ: 111	24.97	20.15	2.5337	
Univ: 112	18.36	25.51	0.0015	
Univ: 113	26.12	20.09	0.0187	
Univ: 114	22.91	20.97	0.0056	
Univ: 115	25.01	27.17	0.0069	
Univ: 116	24.51	24.42	0.0106	
Univ: 117	26.00	23.66	0.0397	
Univ: 118	22.71	24.53	0.0440	
Univ: 119	21.29	21.56	2.1269	
Univ: 120	28.66	23.54	0.0488	
Univ: 121	31.27	29.66	0.0000	
Univ: 122	19.70	21.98	0.2953	
Univ: 123	24.41	20.35	0.2646	
Univ: 124	20.28	26.18	0.0061	
Univ: 125	22.92	26.19	0.0005	
Univ: 126	24.45	21.52	0.9268	
Univ: 127	17.99	21.94	6.5918	
Univ: 128	26.26	17.07	2.5873	
Univ: 129	26.94	17.97	6.4736	
Univ: 130	29.97	19.62	13.3334	
Univ: 131	24.87	22.70	5.9443	
Univ: 132	22.53	27.76	0.0003	
Univ: 133	21.37	23.33	0.0893	
Univ: 134	23.36	24.98	0.0272	
Univ: 135	29.42	19.31	1.2869	
Univ: 136	18.40	22.55	0.2487	
Univ: 137	23.24	29.03	0.0007	
Univ: 138	24.02	21.34	4.9736	
Univ: 139	31.73	26.74	0.0012	
Univ: 140	25.25	26.98	0.0367	
Univ: 141	23.92	23.18	0.2020	
Univ: 142	21.10	25.30	0.0157	
Univ: 143	23.53	26.29	0.0000	
Univ: 144	24.32	24.05	0.0557	
Univ: 145	19.62	22.88	0.0159	
Univ: 146	24.31	22.33	0.4268	
Univ: 147	24.95	20.59	1.3398	
Univ: 148	24.99	18.87	30.7099	
Univ: 149	22.86	19.88	6.3116	
Univ: 150	21.32	20.98	0.4250	
Univ: 151	27.18	25.88	0.0693	
Univ: 152	19.86	23.77	0.0024	
Univ: 153	20.97	20.10	1.5828	
Univ: 154	26.24	26.04	0.0046	
Univ: 155	27.95	19.17	2.2674	
Univ: 156	21.75	21.53	0.0554	
Univ: 157	28.35	19.58	0.1773	
Univ: 158	22.20	21.70	3.4980	
Univ: 159	19.63	16.93	12.5155	
Univ: 160	22.03	19.27	6.1035	
Univ: 161	26.26	20.00	0.8375	
Univ: 162	21.91	20.15	1.8636	
Univ: 163	27.77	23.92	0.0003	
Univ: 164	23.74	21.56	0.3594	
Univ: 165	24.77	24.23	0.0058	
Univ: 166	18.78	28.60	0.0004	
Univ: 167	26.03	24.33	0.0210	
Univ: 168	27.19	21.31	0.0334	
Univ: 169	25.30	22.08	0.0530	
Univ: 170	17.49	24.67	0.0005	
Univ: 171	20.87	19.99	1.8832	
Univ: 172	23.24	21.38	0.2410	
Univ: 173	25.07	24.42	0.0001	
Univ: 174	24.03	26.59	0.0002	
Univ: 175	28.77	16.29	1.8549	
Univ: 176	25.93	26.43	0.0001	
Univ: 177	23.06	20.74	0.5346	
Univ: 178	24.47	18.22	14.8848	
Univ: 179	17.39	26.41	0.0150	
Univ: 180	23.00	24.59	0.0429	
Univ: 181	24.47	26.26	0.0003	
Univ: 182	22.19	24.42	0.0023	
Univ: 183	24.22	24.26	0.0755	
Univ: 184	20.29	23.41	0.0592	
Univ: 185	25.00	27.60	0.0012	
Univ: 186	26.10	23.07	0.0348	
Univ: 187	27.69	25.32	0.1146	
Univ: 188	22.88	18.36	1.1583	
Univ: 189	32.72	22.60	9.6988	
Univ: 190	29.26	23.27	0.0561	
Univ: 191	21.35	23.82	0.0006	
Univ: 192	25.86	19.67	3.9773	
Univ: 193	25.79	23.26	0.1298	
Univ: 194	26.90	19.20	5.8177	
Univ: 195	26.31	17.78	7.6397	
Univ: 196	24.04	22.50	0.0286	
Univ: 197	22.18	22.98	0.5847	
Univ: 198	23.75	26.27	0.2290	
Univ: 199	18.35	19.81	21.0149	
Univ: 200	20.99	27.86	0.0015	
Univ: 201	21.15	26.23	0.0048	
Univ: 202	25.67	23.10	0.0749	
Univ: 203	22.28	19.53	14.6963	
Univ: 204	27.42	25.57	0.0003	
Univ: 205	25.00	23.61	0.0208	
Univ: 206	18.19	18.93	5.7900	
Univ: 207	28.08	23.46	0.0095	
Univ: 208	24.28	25.26	0.0022	
Univ: 209	29.92	24.09	0.2263	
Univ: 210	28.77	19.54	1.2614	
Univ: 211	21.83	21.92	0.0861	
Univ: 212	26.80	23.06	0.5203	
Univ: 213	21.41	22.21	0.3046	
Univ: 214	20.27	24.20	0.0161	
Univ: 215	23.08	18.56	14.7436	
Univ: 216	17.26	20.42	2.2251	
Univ: 217	23.27	24.78	0.0002	
Univ: 218	24.90	22.30	0.0075	
Univ: 219	19.97	22.92	0.3756	
Univ: 220	26.40	26.90	0.0001	
Univ: 221	22.61	24.17	0.0126	
Univ: 222	24.14	25.23	0.1208	
Univ: 223	24.55	32.72	0.0000	
Univ: 224	28.53	22.18	0.2889	
Univ: 225	21.95	20.00	1.2883	
Univ: 226	27.99	21.12	0.0537	
Univ: 227	25.11	21.92	0.8044	
Univ: 228	20.15	25.62	0.0001	
Univ: 229	27.15	25.42	0.0262	
Univ: 230	25.51	21.00	0.2674	
Univ: 231	20.09	24.14	0.4516	
Univ: 232	29.94	19.27	2.0138	
Univ: 233	20.97	27.26	0.0013	
Univ: 234	23.51	20.35	10.6045	
Univ: 235	27.49	19.48	4.4163	
Univ: 236	26.45	20.88	0.1870	
Univ: 237	20.81	27.19	0.0014	
Univ: 238	27.17	20.51	2.9187	
Univ: 239	25.70	23.40	0.0151	
Univ: 240	20.94	21.42	0.3601	
Univ: 241	23.86	18.61	1.6980	
Univ: 242	24.96	19.38	11.2155	
Univ: 243	24.42	19.93	5.9503	
Univ: 244	23.66	18.06	9.6685	
Univ: 245	24.53	20.68	1.1760	
Univ: 246	21.56	26.54	0.0013	
Univ: 247	23.54	19.98	0.2226	
Univ: 248	29.66	16.81	5.2150	
Univ: 249	28.82	22.23	4.4342	
Univ: 250	25.44	18.87	0.7946	
Univ: 251	26.94	24.02	0.0585	
Univ: 252	21.98	19.06	6.2176	
Univ: 253	20.35	23.61	0.1765	
Univ: 254	26.18	19.31	6.3874	
Univ: 255	22.45	21.12	0.4716	
Univ: 256	24.36	23.49	0.0414	
Univ: 257	21.51	24.94	0.1362	
Univ: 258	25.04	23.57	0.0151	
Univ: 259	26.19	22.65	0.0202	
Univ: 260	28.38	25.99	0.0034	
Univ: 261	21.52	24.51	0.0074	
Univ: 262	21.94	24.61	0.0028	
Univ: 263	30.67	18.88	14.7964	
Univ: 264	17.07	21.04	0.0607	
Univ: 265	21.70	27.91	0.0215	
Univ: 266	17.97	20.68	6.8750	
Univ: 267	19.62	24.97	1.6141	
Univ: 268	22.70	24.38	0.0536	
Univ: 269	23.25	26.75	0.0009	
Univ: 270	23.61	18.54	17.6768	
Univ: 271	27.70	19.14	0.7679	
Univ: 272	29.83	28.27	0.0000	
Univ: 273	27.76	21.34	2.1786	
Univ: 274	23.33	23.86	0.0592	
Univ: 275	21.32	21.04	4.0765	
Univ: 276	23.57	29.33	0.0000	
Univ: 277	23.11	26.32	0.0674	
Univ: 278	24.98	14.76	2.0462	
Univ: 279	24.20	27.26	0.0007	
Univ: 280	29.58	20.71	0.9124	
Univ: 281	26.47	19.43	11.1783	
Univ: 282	25.86	22.80	0.3769	
Univ: 283	19.31	19.04	0.7524	
Univ: 284	22.55	22.57	1.1459	
Univ: 285	29.03	20.54	0.4202	
Univ: 286	27.00	25.39	0.3485	
Univ: 287	21.34	19.73	8.6603	
Univ: 288	23.13	22.38	0.2390	
Univ: 289	30.10	21.38	3.0062	
Univ: 290	26.74	25.22	0.0157	
Univ: 291	26.98	21.05	0.0417	
Univ: 292	31.08	24.30	0.0059	
Univ: 293	24.55	25.93	0.0007	
Univ: 294	23.18	24.10	0.4264	
Univ: 295	24.08	21.56	2.0081	
Univ: 296	27.93	27.06	0.0023	
Univ: 297	25.30	18.12	16.8349	
Univ: 298	27.21	17.32	4.0699	
Univ: 299	26.29	19.83	0.3898	
Univ: 300	25.57	22.78	0.0543	
Univ: 301	22.88	24.44	0.0024	
Univ: 302	24.05	24.50	0.0122	
Univ: 303	22.88	26.54	0.0042	
Univ: 304	22.33	21.13	3.2037	
Univ: 305	20.59	23.59	0.0186	
Univ: 306	18.87	22.53	0.6695	
Univ: 307	19.88	23.23	0.8105	
Univ: 308	20.98	21.64	0.2080	
Univ: 309	25.88	23.13	1.5607	
Univ: 310	18.98	20.33	7.1465	
Univ: 311	24.16	21.55	0.0209	
Univ: 312	23.77	24.73	0.0804	
Univ: 313	20.10	22.50	4.3513	
Univ: 314	22.31	26.15	0.0067	
Univ: 315	28.33	23.60	0.0063	
Univ: 316	25.79	21.54	1.6807	
Univ: 317	26.04	23.52	0.2922	
Univ: 318	19.17	26.20	0.0008	
Univ: 319	21.53	18.60	13.8434	
Univ: 320	19.58	26.31	0.1130	
Univ: 321	21.70	20.46	0.2586	
Univ: 322	16.93	20.49	1.1302	
Univ: 323	25.02	21.47	0.9110	
Univ: 324	19.27	22.53	0.1457	
Univ: 325	24.76	24.58	0.0327	
Univ: 326	20.00	28.21	0.0002	
Univ: 327	34.12	23.43	0.0201	
Univ: 328	20.85	21.19	0.8027	
Univ: 329	20.15	24.24	0.4880	
Univ: 330	23.92	25.13	0.1981	
Univ: 331	21.56	26.05	0.0477	
Univ: 332	29.11	24.50	0.0125	
Univ: 333	31.57	22.69	0.2264	
Univ: 334	28.13	19.36	13.6813	
Univ: 335	26.06	19.92	0.0244	
Univ: 336	24.23	21.81	0.0887	
Univ: 337	28.60	19.39	16.7803	
Univ: 338	24.33	18.86	22.4286	
Univ: 339	24.21	22.58	0.1759	
Univ: 340	21.31	23.66	0.8105	
Univ: 341	21.12	22.59	0.4612	
Univ: 342	22.08	26.31	0.0024	
Univ: 343	24.67	21.51	0.0735	
Univ: 344	19.50	20.25	2.7639	
Univ: 345	19.99	20.40	0.5048	
Univ: 346	30.46	19.88	0.1904	
Univ: 347	22.89	23.04	0.1014	
Univ: 348	29.17	23.37	0.6703	
Univ: 349	21.38	27.02	0.0007	
Univ: 350	26.23	22.75	5.6875	
Univ: 351	24.42	22.92	0.6352	
Univ: 352	33.19	23.76	1.1435	
Univ: 353	26.59	24.92	0.2372	
Univ: 354	16.29	17.40	0.6716	
Univ: 355	28.41	23.00	0.0343	
Univ: 356	20.85	18.32	4.7618	
Univ: 357	31.41	20.78	5.4689	
Univ: 358	26.43	27.52	0.0030	
Univ: 359	20.74	24.26	0.0117	
Univ: 360	18.22	23.10	0.0235	
Univ: 361	24.91	18.85	1.1331	
Univ: 362	26.41	22.46	0.9613	
Univ: 363	26.53	24.60	0.0174	
Univ: 364	25.57	28.12	0.0000	
Univ: 365	24.59	27.24	0.0001	
Univ: 366	26.26	26.79	0.0169	
Univ: 367	33.25	19.55	1.5290	
Univ: 368	24.42	21.40	0.9813	
Univ: 369	24.26	20.78	2.7365	
Univ: 370	17.52	21.22	9.0738	
Univ: 371	23.41	23.81	0.0482	
Univ: 372	26.35	23.89	0.0086	
Univ: 373	27.60	22.15	0.0240	
Univ: 374	23.09	19.73	0.0307	
Univ: 375	26.26	21.48	0.0291	
Univ: 376	23.07	23.66	0.1758	
Univ: 377	25.50	20.99	2.3611	
Univ: 378	25.32	23.56	0.3195	
Univ: 379	27.24	23.55	0.4178	
Univ: 380	22.19	21.23	3.8291	
Univ: 381	18.36	19.77	7.2453	
Univ: 382	22.60	21.92	0.0675	
Univ: 383	26.75	18.82	11.9961	
Univ: 384	23.27	20.03	1.9574	
Univ: 385	23.82	25.09	0.0026	
Univ: 386	17.33	21.01	0.4697	
Univ: 387	19.67	24.18	0.0113	
Univ: 388	23.26	25.33	0.8464	
Univ: 389	23.34	20.31	0.1145	
Univ: 390	19.20	21.59	3.0815	
Univ: 391	25.20	19.87	8.0480	
Univ: 392	24.29	23.88	0.0045	
Univ: 393	29.04	27.34	0.0063	
Univ: 394	17.78	26.42	0.0012	
Univ: 395	22.50	23.24	1.2843	
Univ: 396	29.56	25.89	0.0033	
Univ: 397	22.98	20.34	0.1930	
Univ: 398	29.28	21.92	0.1864	
Univ: 399	23.60	27.03	0.0000	
Univ: 400	23.76	21.98	0.6373	
Univ: 401	24.79	22.73	0.1288	
Univ: 402	26.27	23.12	0.2784	
Univ: 403	19.81	23.95	0.0311	
Univ: 404	25.16	20.64	0.1043	
Univ: 405	23.87	22.99	0.5650	
Univ: 406	25.14	17.34	3.2724	
Univ: 407	25.69	21.94	0.1049	
Univ: 408	22.07	20.15	0.4202	
Univ: 409	22.41	18.28	0.1785	
Univ: 410	22.44	18.71	2.0844	
Univ: 411	25.18	22.91	0.0039	
Univ: 412	27.86	25.82	0.0053	
Univ: 413	26.23	21.22	0.0264	
Univ: 414	25.81	16.34	5.8217	
Univ: 415	23.10	22.55	1.3046	
Univ: 416	24.53	25.24	0.0720	
Univ: 417	21.54	18.48	0.5362	
Univ: 418	19.53	23.58	0.1466	
Univ: 419	28.26	26.30	0.0033	
Univ: 420	25.57	25.69	0.0010	
Univ: 421	23.61	23.64	0.0019	
Univ: 422	23.96	26.43	0.0023	
Univ: 423	17.52	22.38	0.2383	
Univ: 424	18.93	24.25	0.0138	
Univ: 425	23.46	26.12	0.0124	
Univ: 426	25.45	23.52	0.1004	
Univ: 427	26.42	25.80	0.0042	
Univ: 428	25.93	18.93	8.1962	
Univ: 429	25.26	22.40	0.2314	
Univ: 430	24.09	19.32	0.1158	
Univ: 431	21.44	21.25	0.9368	
Univ: 432	19.54	26.15	0.0321	
Univ: 433	21.92	21.90	2.4206	
Univ: 434	23.06	26.57	0.0010	
Univ: 435	31.41	25.70	0.0104	
Univ: 436	27.82	21.43	0.8342	
Univ: 437	25.29	20.30	1.5669	
Univ: 438	22.21	22.73	0.0014	
Univ: 439	24.20	25.01	0.0006	
Univ: 440	18.56	24.62	0.0260	
Univ: 441	20.42	20.90	0.2629	
Univ: 442	28.14	17.20	5.9711	
Univ: 443	24.78	22.35	0.1965	
Univ: 444	22.30	23.88	0.0702	
Univ: 445	28.97	22.36	1.1415	
Univ: 446	26.10	18.30	23.9161	
Univ: 447	22.92	27.91	0.0000	
Univ: 448	26.90	18.41	13.9463	
Univ: 449	24.44	24.58	0.3023	
Univ: 450	27.59	16.64	0.4548	
Univ: 451	24.17	21.13	2.1815	
Univ: 452	25.23	20.83	0.5119	
Univ: 453	27.94	23.56	2.7943	
Univ: 454	29.33	16.04	21.1727	
Univ: 455	32.72	27.16	0.0056	
Univ: 456	22.18	24.17	0.1038	
Univ: 457	27.50	19.67	0.5594	
Univ: 458	24.60	25.05	0.0016	
Univ: 459	23.54	17.36	5.8157	
Univ: 460	20.00	18.41	0.1335	
Univ: 461	21.12	20.30	12.6646	
Univ: 462	21.92	21.36	0.8824	
Univ: 463	25.62	22.83	0.0962	
Univ: 464	25.42	24.12	0.0430	
Univ: 465	21.00	20.52	4.3050	
Univ: 466	19.82	25.81	0.0151	
Univ: 467	25.13	21.61	0.0700	
Univ: 468	24.14	23.90	0.0137	
Univ: 469	19.27	27.73	0.0001	
Univ: 470	27.26	25.35	0.0072	
Univ: 471	25.84	22.79	0.0269	
Univ: 472	20.35	24.54	0.0296	
Univ: 473	23.54	16.57	3.3365	
Univ: 474	19.48	21.64	1.4278	
Univ: 475	20.88	22.78	2.7681	
Univ: 476	27.19	18.99	1.8295	
Univ: 477	22.51	24.08	0.0737	
Univ: 478	20.25	22.39	0.5887	
Univ: 479	22.89	24.81	0.7016	
Univ: 480	20.51	25.13	0.0231	
Univ: 481	27.70	28.73	0.0007	
Univ: 482	23.40	20.79	6.6250	
Univ: 483	22.98	19.74	14.3099	
Univ: 484	21.97	23.40	0.0185	
Univ: 485	29.82	24.38	0.2753	
Univ: 486	21.42	21.97	0.3365	
Univ: 487	22.68	19.87	3.5359	
Univ: 488	18.61	28.34	0.0021	
Univ: 489	19.38	24.41	0.0742	
Univ: 490	19.93	24.36	0.0538	
Univ: 491	18.06	22.92	0.0108	
Univ: 492	20.68	20.85	0.2402	
Univ: 493	22.15	21.92	0.1317	
Univ: 494	26.54	22.20	1.3161	
Univ: 495	19.98	18.32	6.9599	
Univ: 496	16.81	24.95	0.0072	
Univ: 497	28.82	19.25	0.0922	
Univ: 498	22.55	21.41	0.0177	
Univ: 499	30.72	25.50	0.0037	
Univ: 500	29.75	20.69	0.0312	
Univ: 501	22.23	31.43	0.0000	
Univ: 502	18.87	24.34	0.0000	
Univ: 503	24.02	26.36	0.0000	
Univ: 504	20.77	23.74	0.0005	
Univ: 505	19.06	23.56	0.0000	
Univ: 506	23.61	26.01	0.0001	
Univ: 507	19.31	25.71	0.0000	
Univ: 508	21.12	30.18	0.0000	
Univ: 509	26.43	20.66	0.0001	
Univ: 510	23.97	26.10	0.0000	
Univ: 511	23.69	25.79	0.0000	
Univ: 512	23.49	26.89	0.0000	
Univ: 513	22.71	28.15	0.0000	
Univ: 514	24.94	25.12	0.0018	
Univ: 515	23.57	23.85	0.0000	
Univ: 516	22.65	23.14	0.0126	
Univ: 517	23.64	22.14	0.0067	
Univ: 518	34.35	24.90	0.0000	
Univ: 519	22.94	24.23	0.0000	
Univ: 520	25.99	24.76	0.0000	
Univ: 521	24.51	27.26	0.0000	
Univ: 522	24.61	30.22	0.0000	
Univ: 523	25.07	26.29	0.0000	
Univ: 524	19.01	28.81	0.0000	
Univ: 525	31.49	19.57	0.1034	
Univ: 526	25.20	21.79	0.0001	
Univ: 527	28.49	22.15	0.0035	
Univ: 528	18.88	22.30	0.0002	
Univ: 529	21.04	26.93	0.0000	
Univ: 530	31.57	23.80	0.0000	
Univ: 531	27.91	22.44	0.0002	
Univ: 532	17.58	22.34	0.0000	
Univ: 533	27.09	22.84	0.0011	
Univ: 534	20.68	28.27	0.0000	
Univ: 535	21.99	25.70	0.0001	
Univ: 536	23.78	21.73	0.0119	
Univ: 537	24.97	25.17	0.0003	
Univ: 538	23.11	20.50	0.0240	
Univ: 539	24.90	20.48	0.0002	
Univ: 540	25.49	21.12	0.0068	
Univ: 541	28.44	22.28	0.0000	
Univ: 542	24.38	22.23	0.0011	
Univ: 543	26.75	28.41	0.0000	
Univ: 544	18.54	23.59	0.0000	
Univ: 545	26.03	27.49	0.0000	
Univ: 546	19.14	27.90	0.0000	
Univ: 547	28.27	25.56	0.0000	
Univ: 548	21.34	29.30	0.0000	
Univ: 549	21.69	25.25	0.0000	
Univ: 550	23.86	23.70	0.0000	
Univ: 551	21.04	29.11	0.0000	
Univ: 552	29.33	22.71	0.0001	
Univ: 553	36.48	23.57	0.0000	
Univ: 554	24.35	25.06	0.0000	
Univ: 555	26.32	24.01	0.0000	
Univ: 556	14.76	26.12	0.0000	
Univ: 557	33.05	25.01	0.0001	
Univ: 558	27.26	24.51	0.0003	
Univ: 559	24.21	26.00	0.0000	
Univ: 560	20.71	22.71	0.0000	
Univ: 561	19.43	21.29	0.0115	
Univ: 562	22.80	28.66	0.0000	
Univ: 563	26.86	31.27	0.0000	
Univ: 564	19.04	24.45	0.0000	
Univ: 565	22.83	17.99	0.0692	
Univ: 566	25.80	26.94	0.0000	
Univ: 567	22.57	29.97	0.0000	
Univ: 568	21.19	24.87	0.0000	
Univ: 569	25.69	22.53	0.0000	
Univ: 570	20.54	21.37	0.0001	
Univ: 571	25.39	29.42	0.0000	
Univ: 572	19.73	23.24	0.0000	
Univ: 573	23.52	24.02	0.0003	
Univ: 574	26.12	24.32	0.0000	
Univ: 575	23.20	24.31	0.0000	
Univ: 576	24.61	24.99	0.0000	
Univ: 577	22.38	21.32	0.0006	
Univ: 578	21.38	20.97	0.0006	
Univ: 579	25.22	27.95	0.0000	
Univ: 580	24.40	28.35	0.0000	
Univ: 581	21.92	22.20	0.0000	
Univ: 582	20.83	19.63	0.0005	
Univ: 583	23.89	22.03	0.0009	
Univ: 584	21.86	21.91	0.0000	
Univ: 585	29.09	26.03	0.0000	
Univ: 586	21.05	23.24	0.0000	
Univ: 587	24.30	25.07	0.0000	
Univ: 588	25.93	24.03	0.0000	
Univ: 589	18.11	28.77	0.0000	
Univ: 590	27.35	23.00	0.0021	
Univ: 591	28.52	24.47	0.0000	
Univ: 592	30.65	24.22	0.0000	
Univ: 593	24.10	26.10	0.0000	
Univ: 594	21.56	27.69	0.0000	
Univ: 595	19.31	22.88	0.0039	
Univ: 596	33.40	32.72	0.0000	
Univ: 597	21.39	25.86	0.0000	
Univ: 598	27.06	25.79	0.0001	
Univ: 599	21.31	26.31	0.0000	
Univ: 600	26.99	24.04	0.0000	
Univ: 601	25.71	22.18	0.0055	
Univ: 602	18.12	18.35	0.0115	
Univ: 603	32.97	25.67	0.0000	
Univ: 604	32.37	27.42	0.0000	
Univ: 605	17.32	28.08	0.0000	
Univ: 606	24.57	29.92	0.0000	
Univ: 607	19.83	28.77	0.0000	
Univ: 608	19.75	26.80	0.0000	
Univ: 609	22.78	21.41	0.0002	
Univ: 610	28.97	23.08	0.0000	
Univ: 611	20.35	19.97	0.0020	
Univ: 612	20.97	26.40	0.0000	
Univ: 613	24.44	22.61	0.0011	
Univ: 614	21.68	28.53	0.0000	
Univ: 615	25.64	21.95	0.0056	
Univ: 616	25.01	27.99	0.0000	
Univ: 617	24.50	27.15	0.0000	
Univ: 618	26.54	29.94	0.0000	
Univ: 619	21.13	23.51	0.0027	
Univ: 620	27.29	27.49	0.0000	
Univ: 621	32.49	26.45	0.0000	
Univ: 622	24.03	20.81	0.0014	
Univ: 623	23.59	25.70	0.0000	
Univ: 624	24.34	20.94	0.0000	
Univ: 625	22.53	23.86	0.0000	
Univ: 626	22.73	24.96	0.0000	
Univ: 627	23.23	28.82	0.0000	
Univ: 628	21.64	25.44	0.0000	
Univ: 629	24.11	26.94	0.0000	
Univ: 630	27.71	22.45	0.0000	
Univ: 631	23.13	24.36	0.0003	
Univ: 632	20.33	21.51	0.0153	
Univ: 633	21.55	25.04	0.0005	
Univ: 634	24.73	28.38	0.0000	
Univ: 635	29.70	30.67	0.0000	
Univ: 636	22.50	21.70	0.0000	
Univ: 637	27.25	23.25	0.0000	
Univ: 638	26.15	23.61	0.0001	
Univ: 639	23.60	27.70	0.0000	
Univ: 640	21.54	29.83	0.0000	
Univ: 641	25.92	21.32	0.0010	
Univ: 642	21.41	23.57	0.0000	
Univ: 643	22.42	23.11	0.0003	
Univ: 644	25.54	24.20	0.0000	
Univ: 645	23.52	29.58	0.0000	
Univ: 646	26.20	26.47	0.0001	
Univ: 647	18.60	25.86	0.0000	
Univ: 648	26.31	27.00	0.0000	
Univ: 649	20.46	23.13	0.0015	
Univ: 650	22.98	30.10	0.0000	
Univ: 651	20.49	31.08	0.0000	
Univ: 652	21.47	24.55	0.0002	
Univ: 653	21.97	24.08	0.0000	
Univ: 654	27.62	27.93	0.0000	
Univ: 655	20.93	27.21	0.0000	
Univ: 656	22.53	25.57	0.0000	
Univ: 657	24.58	22.88	0.0000	
Univ: 658	28.21	18.98	0.0009	
Univ: 659	23.43	24.16	0.0001	
Univ: 660	21.19	22.31	0.0198	
Univ: 661	24.24	28.33	0.0000	
Univ: 662	25.13	25.79	0.0000	
Univ: 663	26.05	25.02	0.0000	
Univ: 664	24.50	24.76	0.0002	
Univ: 665	22.69	34.12	0.0000	
Univ: 666	19.36	20.85	0.0002	
Univ: 667	19.99	29.11	0.0000	
Univ: 668	19.92	31.57	0.0000	
Univ: 669	23.70	28.13	0.0000	
Univ: 670	21.81	26.06	0.0000	
Univ: 671	19.39	24.21	0.0000	
Univ: 672	18.86	21.12	0.0148	
Univ: 673	21.02	19.50	0.0680	
Univ: 674	22.58	30.46	0.0000	
Univ: 675	23.66	22.89	0.0160	
Univ: 676	22.59	29.17	0.0000	
Univ: 677	24.66	26.23	0.0000	
Univ: 678	26.31	33.19	0.0000	
Univ: 679	26.23	28.41	0.0000	
Univ: 680	21.87	20.85	0.0066	
Univ: 681	21.84	31.41	0.0000	
Univ: 682	25.94	24.91	0.0000	
Univ: 683	21.51	26.53	0.0000	
Univ: 684	27.70	25.57	0.0000	
Univ: 685	24.55	33.25	0.0000	
Univ: 686	20.25	17.52	0.0026	
Univ: 687	20.40	26.35	0.0000	
Univ: 688	19.88	23.09	0.0000	
Univ: 689	23.04	26.26	0.0000	
Univ: 690	23.37	25.50	0.0001	
Univ: 691	24.56	27.24	0.0000	
Univ: 692	27.02	22.19	0.0009	
Univ: 693	22.75	26.75	0.0000	
Univ: 694	22.92	17.33	0.1048	
Univ: 695	23.76	23.34	0.0000	
Univ: 696	24.20	25.20	0.0000	
Univ: 697	23.14	24.29	0.0001	
Univ: 698	24.92	29.04	0.0000	
Univ: 699	22.02	29.56	0.0000	
Univ: 700	17.40	29.28	0.0000	
Univ: 701	23.00	23.60	0.0004	
Univ: 702	18.32	23.76	0.0021	
Univ: 703	20.78	24.79	0.0000	
Univ: 704	27.52	25.16	0.0000	
Univ: 705	24.26	23.87	0.0000	
Univ: 706	23.10	25.14	0.0001	
Univ: 707	18.85	25.69	0.0000	
Univ: 708	22.49	22.07	0.0088	
Univ: 709	22.46	22.41	0.0013	
Univ: 710	31.95	22.44	0.0006	
Univ: 711	23.43	25.18	0.0000	
Univ: 712	23.15	25.81	0.0017	
Univ: 713	24.60	24.53	0.0013	
Univ: 714	28.12	21.54	0.0007	
Univ: 715	24.45	28.26	0.0000	
Univ: 716	27.24	23.96	0.0010	
Univ: 717	26.79	17.52	0.0123	
Univ: 718	23.59	25.45	0.0000	
Univ: 719	25.04	26.42	0.0000	
Univ: 720	21.30	25.93	0.0000	
Univ: 721	28.40	21.44	0.0003	
Univ: 722	24.79	31.41	0.0000	
Univ: 723	19.55	27.82	0.0000	
Univ: 724	21.40	25.29	0.0000	
Univ: 725	20.78	28.14	0.0000	
Univ: 726	29.24	28.97	0.0000	
Univ: 727	19.61	26.10	0.0000	
Univ: 728	21.22	24.44	0.0011	
Univ: 729	23.27	27.59	0.0000	
Univ: 730	23.81	27.94	0.0000	
Univ: 731	23.89	29.33	0.0000	
Univ: 732	22.15	27.50	0.0000	
Univ: 733	30.94	24.60	0.0054	
Univ: 734	19.73	23.54	0.0011	
Univ: 735	27.57	19.82	0.0647	
Univ: 736	23.54	25.13	0.0000	
Univ: 737	21.48	25.84	0.0000	
Univ: 738	23.66	23.54	0.0000	
Univ: 739	20.99	22.51	0.0094	
Univ: 740	22.16	20.25	0.0019	
Univ: 741	21.91	22.89	0.0000	
Univ: 742	23.56	27.70	0.0000	
Univ: 743	23.55	22.98	0.0000	
Univ: 744	30.07	21.97	0.0000	
Univ: 745	21.23	29.82	0.0000	
Univ: 746	19.77	22.68	0.0006	
Univ: 747	21.92	22.15	0.0000	
Univ: 748	18.82	28.82	0.0000	
Univ: 749	20.03	22.55	0.0000	
Univ: 750	25.09	30.72	0.0000	
Univ: 751	21.01	29.75	0.0000	
Univ: 752	24.18	20.77	0.0367	
Univ: 753	25.33	26.43	0.0000	
Univ: 754	20.31	23.97	0.0000	
Univ: 755	21.59	23.69	0.0000	
Univ: 756	19.87	22.71	0.0000	
Univ: 757	23.88	23.64	0.0000	
Univ: 758	27.34	34.35	0.0000	
Univ: 759	18.85	22.94	0.0072	
Univ: 760	31.05	25.07	0.0000	
Univ: 761	28.55	19.01	0.0043	
Univ: 762	26.42	31.49	0.0000	
Univ: 763	23.24	25.20	0.0000	
Univ: 764	25.43	28.49	0.0000	
Univ: 765	28.10	31.57	0.0000	
Univ: 766	25.12	17.58	0.0338	
Univ: 767	25.89	27.09	0.0002	
Univ: 768	20.34	21.99	0.0004	
Univ: 769	25.63	23.78	0.0000	
Univ: 770	27.73	23.11	0.0000	
Univ: 771	21.92	24.90	0.0021	
Univ: 772	21.12	25.49	0.0000	
Univ: 773	27.03	28.44	0.0000	
Univ: 774	21.98	26.03	0.0000	
Univ: 775	24.60	21.69	0.0211	
Univ: 776	20.27	36.48	0.0000	
Univ: 777	22.73	24.35	0.0000	
Univ: 778	23.12	33.05	0.0000	
Univ: 779	23.95	24.21	0.0001	
Univ: 780	27.94	26.86	0.0000	
Univ: 781	22.32	22.83	0.0001	
Univ: 782	20.39	25.80	0.0000	
Univ: 783	20.64	21.19	0.0000	
Univ: 784	17.20	25.69	0.0004	
Univ: 785	22.99	23.52	0.0001	
Univ: 786	17.34	26.12	0.0000	
Univ: 787	21.94	23.20	0.0017	
Univ: 788	20.15	24.61	0.0001	
Univ: 789	18.28	24.40	0.0036	
Univ: 790	20.37	21.92	0.0105	
Univ: 791	25.32	20.83	0.0152	
Univ: 792	23.35	23.89	0.0005	
Univ: 793	23.94	21.86	0.0000	
Univ: 794	26.40	29.09	0.0000	
Univ: 795	27.62	18.11	0.0063	
Univ: 796	18.71	27.35	0.0000	
Univ: 797	22.91	28.52	0.0000	
Univ: 798	25.82	30.65	0.0000	
Univ: 799	21.22	19.31	0.0000	
Univ: 800	24.38	33.40	0.0000	
Univ: 801	16.34	21.39	0.0003	
Univ: 802	28.36	21.31	0.0005	
Univ: 803	22.55	26.99	0.0000	
Univ: 804	28.65	25.71	0.0000	
Univ: 805	25.90	32.97	0.0000	
Univ: 806	26.23	32.37	0.0000	
Univ: 807	25.24	24.57	0.0000	
Univ: 808	17.42	19.75	0.0001	
Univ: 809	24.62	28.97	0.0000	
Univ: 810	28.25	20.35	0.0012	
Univ: 811	18.48	20.97	0.0013	
Univ: 812	24.93	21.68	0.0001	
Univ: 813	23.58	25.64	0.0000	
Univ: 814	26.30	25.01	0.0047	
Univ: 815	25.69	27.29	0.0000	
Univ: 816	23.35	32.49	0.0000	
Univ: 817	23.64	24.03	0.0000	
Univ: 818	23.90	24.34	0.0000	
Univ: 819	26.43	22.73	0.0032	
Univ: 820	23.58	24.11	0.0000	
Univ: 821	22.38	27.71	0.0000	
Univ: 822	24.25	29.70	0.0000	
Univ: 823	26.94	27.25	0.0000	
Univ: 824	20.65	25.92	0.0000	
Univ: 825	23.37	21.41	0.0000	
Univ: 826	26.12	22.42	0.0014	
Univ: 827	27.74	25.54	0.0000	
Univ: 828	23.52	22.98	0.0070	
Univ: 829	26.14	21.97	0.0000	
Univ: 830	25.80	27.62	0.0000	
Univ: 831	18.93	20.93	0.0003	
Univ: 832	26.45	19.99	0.0000	
Univ: 833	22.40	23.70	0.0000	
Univ: 834	19.32	21.02	0.0004	
Univ: 835	21.25	24.66	0.0000	
Univ: 836	26.15	26.23	0.0000	
Univ: 837	21.90	21.87	0.0230	
Univ: 838	25.72	21.84	0.0120	
Univ: 839	22.14	25.94	0.0000	
Univ: 840	26.57	27.70	0.0000	
Univ: 841	25.70	24.55	0.0011	
Univ: 842	22.10	24.56	0.0000	
Univ: 843	31.30	24.20	0.0000	
Univ: 844	23.03	23.14	0.0000	
Univ: 845	23.54	22.02	0.0001	
Univ: 846	25.22	22.49	0.0002	
Univ: 847	21.43	31.95	0.0000	
Univ: 848	25.23	23.43	0.0000	
Univ: 849	27.16	23.15	0.0006	
Univ: 850	25.71	24.45	0.0000	
Univ: 851	20.30	23.59	0.0000	
Univ: 852	23.40	25.04	0.0000	
Univ: 853	26.02	21.30	0.0057	
Univ: 854	22.73	28.40	0.0000	
Univ: 855	25.01	24.79	0.0000	
Univ: 856	24.62	29.24	0.0000	
Univ: 857	19.72	19.61	0.0146	
Univ: 858	20.90	23.27	0.0000	
Univ: 859	28.33	30.94	0.0000	
Univ: 860	25.44	27.57	0.0000	
Univ: 861	17.20	23.54	0.0001	
Univ: 862	22.35	22.16	0.0033	
Univ: 863	27.75	21.91	0.0000	
Univ: 864	23.88	30.07	0.0000	
Univ: 865	23.70	18.85	0.0024	
Univ: 866	27.95	31.05	0.0000	
Univ: 867	22.36	28.55	0.0000	
Univ: 868	18.30	25.43	0.0000	
Univ: 869	27.91	28.10	0.0000	
Univ: 870	18.41	25.12	0.0003	
Univ: 871	24.58	25.63	0.0000	
Univ: 872	22.81	27.73	0.0000	
Univ: 873	16.64	21.12	0.0002	
Univ: 874	21.13	24.60	0.0000	
Univ: 875	28.39	20.27	0.0004	
Univ: 876	24.41	27.94	0.0000	
Univ: 877	23.49	22.32	0.0000	
Univ: 878	20.83	20.39	0.0000	
Univ: 879	19.95	17.20	0.1831	
Univ: 880	22.89	20.37	0.0011	
Univ: 881	22.96	25.32	0.0000	
Univ: 882	23.56	23.35	0.0027	
Univ: 883	16.04	23.94	0.0001	
Univ: 884	32.44	26.40	0.0000	
Univ: 885	31.49	27.62	0.0000	
Univ: 886	27.16	24.38	0.0001	
Univ: 887	19.77	28.36	0.0000	
Univ: 888	24.17	28.65	0.0000	
Univ: 889	22.85	25.90	0.0000	
Univ: 890	19.67	26.23	0.0000	
Univ: 891	23.12	17.42	0.0383	
Univ: 892	28.17	24.62	0.0007	
Univ: 893	29.66	28.25	0.0000	
Univ: 894	27.69	24.93	0.0000	
Univ: 895	25.05	23.35	0.0000	
Univ: 896	17.36	23.90	0.0000	
Univ: 897	18.41	23.58	0.0002	
Univ: 898	32.29	26.94	0.0000	
Univ: 899	23.53	20.65	0.0634	
Univ: 900	26.02	23.37	0.0000	
Univ: 901	24.53	27.74	0.0003	
Univ: 902	27.74	26.14	0.0000	
Univ: 903	20.30	26.45	0.0001	
Univ: 904	28.22	25.72	0.0001	
Univ: 905	21.36	22.14	0.0002	
Univ: 906	22.83	22.10	0.0000	
Univ: 907	24.12	31.30	0.0000	
Univ: 908	20.52	23.03	0.0000	
Univ: 909	22.36	23.54	0.0000	
Univ: 910	24.22	25.22	0.0000	
Univ: 911	21.76	25.23	0.0000	
Univ: 912	25.12	27.16	0.0000	
Univ: 913	25.55	25.71	0.0000	
Univ: 914	23.89	23.40	0.0000	
Univ: 915	25.81	26.02	0.0000	
Univ: 916	32.92	19.72	0.0023	
Univ: 917	25.18	28.33	0.0000	
Univ: 918	24.12	25.44	0.0000	
Univ: 919	22.71	27.75	0.0000	
Univ: 920	21.61	23.70	0.0058	
Univ: 921	23.90	27.95	0.0000	
Univ: 922	25.86	22.81	0.0025	
Univ: 923	24.70	28.39	0.0000	
Univ: 924	27.73	24.41	0.0002	
Univ: 925	26.90	23.49	0.0000	
Univ: 926	25.35	19.95	0.0000	
Univ: 927	31.33	22.89	0.0001	
Univ: 928	22.79	22.96	0.0004	
Univ: 929	24.54	32.44	0.0000	
Univ: 930	16.57	31.49	0.0000	
Univ: 931	27.25	19.77	0.0012	
Univ: 932	33.57	22.85	0.0000	
Univ: 933	24.03	23.12	0.0009	
Univ: 934	21.64	28.17	0.0000	
Univ: 935	25.48	29.66	0.0000	
Univ: 936	22.80	27.69	0.0000	
Univ: 937	22.78	32.29	0.0000	
Univ: 938	18.99	23.53	0.0007	
Univ: 939	24.26	26.02	0.0000	
Univ: 940	26.66	24.53	0.0000	
Univ: 941	23.43	27.74	0.0000	
Univ: 942	26.91	28.22	0.0000	
Univ: 943	28.22	22.36	0.0000	
Univ: 944	28.52	24.22	0.0000	
Univ: 945	30.94	21.76	0.0001	
Univ: 946	25.02	25.12	0.0012	
Univ: 947	24.08	25.55	0.0001	
Univ: 948	20.46	23.89	0.0056	
Univ: 949	22.39	32.92	0.0000	
Univ: 950	23.46	25.18	0.0001	
Univ: 951	24.81	24.12	0.0000	
Univ: 952	26.06	22.71	0.0089	
Univ: 953	25.13	25.86	0.0000	
Univ: 954	23.46	24.70	0.0000	
Univ: 955	28.73	26.90	0.0001	
Univ: 956	20.79	31.33	0.0000	
Univ: 957	19.74	27.25	0.0000	
Univ: 958	23.40	33.57	0.0000	
Univ: 959	19.65	24.03	0.0001	
Univ: 960	24.24	25.48	0.0000	
Univ: 961	27.27	22.80	0.0143	
Univ: 962	25.25	24.26	0.0016	
Univ: 963	24.38	26.66	0.0000	
Univ: 964	30.05	23.43	0.0002	
Univ: 965	21.97	26.91	0.0000	
Univ: 966	19.87	28.22	0.0000	
Univ: 967	28.34	28.52	0.0000	
Univ: 968	20.93	30.94	0.0000	
Univ: 969	24.62	25.02	0.0000	
Univ: 970	24.41	20.46	0.0279	
Univ: 971	29.03	23.46	0.0000	
Univ: 972	24.98	26.06	0.0000	
Univ: 973	24.36	23.46	0.0000	
Univ: 974	26.56	19.65	0.0000	
Univ: 975	22.92	24.24	0.0004	
Univ: 976	24.18	27.27	0.0000	
Univ: 977	26.51	25.25	0.0000	
Univ: 978	20.85	30.05	0.0000	
Univ: 979	25.67	20.93	0.0421	
Univ: 980	32.38	24.62	0.0000	
Univ: 981	21.92	29.03	0.0000	
Univ: 982	22.20	24.98	0.0000	
Univ: 983	18.32	26.56	0.0000	
Univ: 984	24.95	24.18	0.0000	
Univ: 985	22.53	26.51	0.0000	
Univ: 986	23.88	25.67	0.0000	
Univ: 987	26.23	32.38	0.0000	
Univ: 988	19.25	22.53	0.0000	
Univ: 989	21.41	23.88	0.0000	
Univ: 990	20.75	26.23	0.0000	
Univ: 991	30.29	20.75	0.0193	
Univ: 992	22.29	30.29	0.0000	
Univ: 993	25.50	22.29	0.0000	
Univ: 994	28.96	28.96	0.0000	
Univ: 995	26.26	26.26	0.0000	
Univ: 996	32.53	32.53	0.0000	
Univ: 997	22.39	22.39	0.0062	
Univ: 998	22.65	22.65	0.0000	
Univ: 999	22.91	22.91	0.0000	
