CV:    -1	106.74	90.25	
Univ:   0	103.91	89.77	4.7996	
Univ:   1	89.77	95.33	0.4793	
Univ:   2	95.33	98.21	1.7721	
Univ:   3	128.43	98.40	0.0265	
Univ:   4	98.21	81.49	2.0172	
Univ:   5	120.03	90.30	18.2290	
Univ:   6	98.40	92.26	6.0805	
Univ:   7	117.69	101.92	0.0146	
Univ:   8	114.09	116.41	0.0004	
Univ:   9	81.49	92.27	1.7594	
Univ:  10	90.30	98.72	0.0766	
Univ:  11	109.82	98.34	0.7419	
Univ:  12	92.26	108.33	0.0040	
Univ:  13	118.87	89.34	0.9884	
Univ:  14	101.92	89.27	3.7430	
Univ:  15	116.41	81.51	2.3940	
Univ:  16	92.27	114.16	0.0000	
Univ:  17	98.72	94.44	1.1059	
Univ:  18	98.34	99.63	0.5576	
Univ:  19	118.31	101.27	0.4062	
Univ:  20	108.33	90.07	8.8922	
Univ:  21	129.16	96.03	1.5933	
Univ:  22	107.03	98.62	2.6269	
Univ:  23	122.75	114.33	0.0001	
Univ:  24	127.30	93.03	1.4874	
Univ:  25	89.34	91.74	7.7481	
Univ:  26	113.04	93.26	17.6498	
Univ:  27	125.55	112.53	0.0009	
Univ:  28	89.27	100.52	4.5745	
Univ:  29	110.13	114.97	0.0003	
Univ:  30	81.51	101.29	0.0193	
Univ:  31	114.16	105.04	0.0494	
Univ:  32	111.29	96.03	0.3966	
Univ:  33	94.44	102.03	1.6450	
Univ:  34	99.63	104.86	0.0201	
Univ:  35	104.42	100.91	0.0087	
Univ:  36	101.94	102.04	0.0244	
Univ:  37	122.51	108.23	0.0577	
Univ:  38	110.06	113.10	0.0001	
Univ:  39	120.95	103.76	0.0473	
Univ:  40	101.27	93.91	0.5808	
Univ:  41	90.07	84.61	14.5763	
Univ:  42	119.65	86.75	26.9529	
Univ:  43	96.03	95.00	0.7016	
Univ:  44	98.62	87.69	2.7736	
Univ:  45	132.01	105.05	0.0235	
Univ:  46	114.33	104.61	0.0095	
Univ:  47	122.69	105.34	0.0129	
Univ:  48	93.03	109.02	0.0008	
Univ:  49	126.29	106.26	0.0030	
Univ:  50	91.74	92.41	0.6466	
Univ:  51	93.26	106.42	0.0040	
Univ:  52	99.73	92.32	11.4931	
Univ:  53	102.00	91.76	2.6397	
Univ:  54	112.53	100.18	0.0894	
Univ:  55	100.52	107.46	0.0015	
Univ:  56	114.97	93.72	5.7128	
Univ:  57	113.87	108.35	0.0052	
Univ:  58	111.91	103.27	0.0783	
Univ:  59	120.16	104.70	0.0194	
Univ:  60	115.58	95.90	4.3324	
Univ:  61	107.65	97.47	1.0557	
Univ:  62	114.06	109.50	0.0226	
Univ:  63	101.29	106.42	0.0181	
Univ:  64	105.04	89.39	3.9175	
Univ:  65	96.03	114.97	0.0000	
Univ:  66	102.03	104.73	0.3415	
Univ:  67	104.86	104.41	0.0084	
Univ:  68	100.91	92.93	0.1674	
Univ:  69	102.04	102.29	0.0586	
Univ:  70	108.96	97.48	1.6557	
Univ:  71	108.23	112.09	0.0107	
Univ:  72	122.68	100.49	1.4372	
Univ:  73	113.10	108.41	0.0084	
Univ:  74	110.70	100.14	0.1002	
Univ:  75	103.72	108.83	0.0041	
Univ:  76	109.08	110.42	0.0228	
Univ:  77	103.76	114.39	0.0001	
Univ:  78	93.91	106.19	0.0120	
Univ:  79	99.62	97.70	0.0490	
Univ:  80	84.61	104.06	0.0345	
Univ:  81	86.75	81.88	10.2078	
Univ:  82	95.00	109.00	0.0006	
Univ:  83	111.81	116.64	0.0006	
Univ:  84	87.69	90.73	0.5262	
Univ:  85	111.74	88.72	6.2670	
Univ:  86	111.78	106.67	0.0189	
Univ:  87	101.43	96.60	2.3601	
Univ:  88	105.05	107.19	0.0079	
Univ:  89	123.02	80.11	1.9393	
Univ:  90	117.79	101.96	0.1171	
Univ:  91	121.14	92.75	4.6141	
Univ:  92	104.61	114.81	0.0016	
Univ:  93	116.63	109.70	0.0003	
Univ:  94	111.64	93.70	8.0226	
Univ:  95	105.34	113.92	0.0009	
Univ:  96	109.02	102.69	0.0862	
Univ:  97	131.04	98.55	0.1362	
Univ:  98	109.92	97.16	5.0591	
Univ:  99	106.26	104.74	0.0254	
Univ: 100	92.41	106.67	0.0020	
Univ: 101	116.51	89.69	2.7334	
Univ: 102	122.33	97.22	0.1932	
Univ: 103	110.91	101.29	0.0646	
Univ: 104	109.26	96.31	6.9364	
Univ: 105	119.45	91.23	22.2632	
Univ: 106	121.49	96.78	0.3077	
Univ: 107	106.42	101.37	0.2392	
Univ: 108	92.32	99.67	0.7333	
Univ: 109	91.76	110.07	0.0140	
Univ: 110	100.18	105.33	0.0016	
Univ: 111	107.46	92.68	2.5337	
Univ: 112	93.72	112.09	0.0015	
Univ: 113	113.19	100.25	0.0187	
Univ: 114	108.35	109.80	0.0056	
Univ: 115	113.79	106.20	0.0069	
Univ: 116	110.19	105.80	0.0106	
Univ: 117	116.17	99.62	0.0397	
Univ: 118	117.87	101.24	0.0440	
Univ: 119	103.84	95.65	2.1269	
Univ: 120	124.96	105.15	0.0488	
Univ: 121	119.61	112.78	0.0000	
Univ: 122	103.27	102.57	0.2953	
Univ: 123	104.70	99.00	0.2646	
Univ: 124	95.90	108.42	0.0061	
Univ: 125	97.47	104.33	0.0005	
Univ: 126	119.18	98.25	0.9268	
Univ: 127	99.07	95.60	6.5918	
Univ: 128	109.50	89.43	2.5873	
Univ: 129	126.80	96.00	6.4736	
Univ: 130	125.46	90.96	13.3334	
Univ: 131	121.76	90.41	5.9443	
Univ: 132	109.95	104.80	0.0003	
Univ: 133	104.34	103.26	0.0893	
Univ: 134	106.42	105.29	0.0272	
Univ: 135	128.18	98.56	1.2869	
Univ: 136	89.39	98.99	0.2487	
Univ: 137	118.45	107.55	0.0007	
Univ: 138	113.06	101.86	4.9736	
Univ: 139	114.97	110.64	0.0012	
Univ: 140	104.73	97.07	0.0367	
Univ: 141	104.41	102.72	0.2020	
Univ: 142	92.93	107.16	0.0157	
Univ: 143	102.29	115.76	0.0000	
Univ: 144	115.22	105.35	0.0557	
Univ: 145	97.48	107.99	0.0159	
Univ: 146	113.28	101.79	0.4268	
Univ: 147	112.09	100.44	1.3398	
Univ: 148	108.24	91.51	30.7099	
Univ: 149	100.49	89.48	6.3116	
Univ: 150	113.04	94.50	0.4250	
Univ: 151	108.41	98.56	0.0693	
Univ: 152	100.14	105.78	0.0024	
Univ: 153	111.73	94.47	1.5828	
Univ: 154	108.83	109.37	0.0046	
Univ: 155	120.30	85.87	2.2674	
Univ: 156	110.42	102.89	0.0554	
Univ: 157	114.27	100.27	0.1773	
Univ: 158	110.02	96.50	3.4980	
Univ: 159	101.38	86.23	12.5155	
Univ: 160	104.12	95.91	6.1035	
Univ: 161	114.39	93.77	0.8375	
Univ: 162	110.51	101.31	1.8636	
Univ: 163	106.19	109.55	0.0003	
Univ: 164	97.70	100.13	0.3594	
Univ: 165	104.06	106.76	0.0058	
Univ: 166	81.88	111.86	0.0004	
Univ: 167	128.42	106.33	0.0210	
Univ: 168	109.00	104.63	0.0334	
Univ: 169	116.64	101.39	0.0530	
Univ: 170	90.73	112.97	0.0005	
Univ: 171	88.72	90.85	1.8832	
Univ: 172	114.06	97.96	0.2410	
Univ: 173	117.43	113.54	0.0001	
Univ: 174	122.00	113.69	0.0002	
Univ: 175	111.44	81.20	1.8549	
Univ: 176	106.67	112.52	0.0001	
Univ: 177	96.60	100.62	0.5346	
Univ: 178	107.19	85.59	14.8848	
Univ: 179	80.11	109.37	0.0150	
Univ: 180	111.83	104.52	0.0429	
Univ: 181	118.32	106.47	0.0003	
Univ: 182	101.96	110.69	0.0023	
Univ: 183	109.98	104.73	0.0755	
Univ: 184	92.75	102.37	0.0592	
Univ: 185	114.81	109.07	0.0012	
Univ: 186	128.79	106.03	0.0348	
Univ: 187	125.71	102.76	0.1146	
Univ: 188	107.59	91.23	1.1583	
Univ: 189	149.10	95.25	9.6988	
Univ: 190	109.70	104.46	0.0561	
Univ: 191	93.70	114.70	0.0006	
Univ: 192	119.74	94.45	3.9773	
Univ: 193	115.80	104.08	0.1298	
Univ: 194	113.92	82.85	5.8177	
Univ: 195	114.70	95.95	7.6397	
Univ: 196	113.72	101.26	0.0286	
Univ: 197	103.58	103.09	0.5847	
Univ: 198	102.69	102.95	0.2290	
Univ: 199	99.20	91.48	21.0149	
Univ: 200	98.55	109.56	0.0015	
Univ: 201	97.16	107.04	0.0048	
Univ: 202	120.44	102.25	0.0749	
Univ: 203	104.74	90.67	14.6963	
Univ: 204	125.55	112.36	0.0003	
Univ: 205	106.67	98.99	0.0208	
Univ: 206	89.69	93.98	5.7900	
Univ: 207	129.39	105.24	0.0095	
Univ: 208	97.22	108.13	0.0022	
Univ: 209	126.07	100.32	0.2263	
Univ: 210	136.79	93.75	1.2614	
Univ: 211	101.29	105.01	0.0861	
Univ: 212	114.93	99.33	0.5203	
Univ: 213	107.05	104.90	0.3046	
Univ: 214	96.31	101.92	0.0161	
Univ: 215	113.04	91.26	14.7436	
Univ: 216	91.23	94.11	2.2251	
Univ: 217	96.78	110.54	0.0002	
Univ: 218	101.37	106.79	0.0075	
Univ: 219	101.95	100.49	0.3756	
Univ: 220	116.58	113.38	0.0001	
Univ: 221	108.48	105.58	0.0126	
Univ: 222	99.67	98.48	0.1208	
Univ: 223	110.07	121.76	0.0000	
Univ: 224	137.34	97.07	0.2889	
Univ: 225	100.55	93.20	1.2883	
Univ: 226	126.49	104.64	0.0537	
Univ: 227	105.33	104.43	0.8044	
Univ: 228	92.68	114.05	0.0001	
Univ: 229	131.22	106.59	0.0262	
Univ: 230	112.09	103.88	0.2674	
Univ: 231	100.25	99.19	0.4516	
Univ: 232	124.98	87.99	2.0138	
Univ: 233	109.80	103.66	0.0013	
Univ: 234	105.87	84.73	10.6045	
Univ: 235	120.85	98.33	4.4163	
Univ: 236	126.73	96.52	0.1870	
Univ: 237	101.94	109.25	0.0014	
Univ: 238	106.20	97.18	2.9187	
Univ: 239	112.73	103.73	0.0151	
Univ: 240	113.33	103.73	0.3601	
Univ: 241	121.44	90.29	1.6980	
Univ: 242	121.08	91.17	11.2155	
Univ: 243	105.80	92.55	5.9503	
Univ: 244	99.62	83.77	9.6685	
Univ: 245	101.24	92.89	1.1760	
Univ: 246	95.65	107.28	0.0013	
Univ: 247	105.15	97.70	0.2226	
Univ: 248	112.78	94.94	5.2150	
Univ: 249	124.37	92.78	4.4342	
Univ: 250	108.37	94.85	0.7946	
Univ: 251	122.72	105.77	0.0585	
Univ: 252	102.57	92.17	6.2176	
Univ: 253	99.00	107.38	0.1765	
Univ: 254	108.42	91.54	6.3874	
Univ: 255	109.04	97.83	0.4716	
Univ: 256	111.43	109.54	0.0414	
Univ: 257	102.54	100.95	0.1362	
Univ: 258	110.87	105.55	0.0151	
Univ: 259	104.33	108.22	0.0202	
Univ: 260	127.45	107.82	0.0034	
Univ: 261	98.25	106.49	0.0074	
Univ: 262	95.60	106.20	0.0028	
Univ: 263	133.01	87.15	14.7964	
Univ: 264	89.43	103.99	0.0607	
Univ: 265	117.30	109.86	0.0215	
Univ: 266	96.00	93.11	6.8750	
Univ: 267	90.96	101.03	1.6141	
Univ: 268	90.41	102.96	0.0536	
Univ: 269	110.03	116.06	0.0009	
Univ: 270	109.36	88.91	17.6768	
Univ: 271	113.11	93.67	0.7679	
Univ: 272	120.60	115.03	0.0000	
Univ: 273	104.80	100.65	2.1786	
Univ: 274	103.26	105.39	0.0592	
Univ: 275	113.34	92.88	4.0765	
Univ: 276	114.85	117.94	0.0000	
Univ: 277	109.77	103.73	0.0674	
Univ: 278	105.29	81.72	2.0462	
Univ: 279	120.29	112.08	0.0007	
Univ: 280	139.28	99.66	0.9124	
Univ: 281	110.82	87.64	11.1783	
Univ: 282	114.52	98.23	0.3769	
Univ: 283	98.56	95.84	0.7524	
Univ: 284	98.99	97.92	1.1459	
Univ: 285	107.55	90.77	0.4202	
Univ: 286	117.91	100.56	0.3485	
Univ: 287	101.86	91.42	8.6603	
Univ: 288	105.42	92.13	0.2390	
Univ: 289	126.78	97.88	3.0062	
Univ: 290	110.64	109.69	0.0157	
Univ: 291	97.07	101.99	0.0417	
Univ: 292	144.12	112.95	0.0059	
Univ: 293	114.26	116.19	0.0007	
Univ: 294	102.72	98.52	0.4264	
Univ: 295	114.85	98.81	2.0081	
Univ: 296	116.04	111.46	0.0023	
Univ: 297	107.16	91.07	16.8349	
Univ: 298	123.72	90.46	4.0699	
Univ: 299	115.76	100.01	0.3898	
Univ: 300	120.10	107.76	0.0543	
Univ: 301	111.72	109.27	0.0024	
Univ: 302	105.35	90.06	0.0122	
Univ: 303	107.99	103.42	0.0042	
Univ: 304	101.79	90.66	3.2037	
Univ: 305	100.44	110.14	0.0186	
Univ: 306	91.51	99.67	0.6695	
Univ: 307	89.48	100.06	0.8105	
Univ: 308	94.50	101.52	0.2080	
Univ: 309	98.56	91.78	1.5607	
Univ: 310	105.17	94.85	7.1465	
Univ: 311	108.13	102.01	0.0209	
Univ: 312	105.78	102.17	0.0804	
Univ: 313	94.47	92.56	4.3513	
Univ: 314	99.82	108.21	0.0067	
Univ: 315	120.85	105.21	0.0063	
Univ: 316	127.07	95.38	1.6807	
Univ: 317	109.37	92.93	0.2922	
Univ: 318	85.87	115.97	0.0008	
Univ: 319	102.89	90.75	13.8434	
Univ: 320	100.27	100.35	0.1130	
Univ: 321	96.50	100.72	0.2586	
Univ: 322	86.23	98.21	1.1302	
Univ: 323	120.22	100.89	0.9110	
Univ: 324	95.91	100.85	0.1457	
Univ: 325	113.21	103.73	0.0327	
Univ: 326	93.77	107.06	0.0002	
Univ: 327	133.52	105.09	0.0201	
Univ: 328	110.66	95.16	0.8027	
Univ: 329	101.31	100.31	0.4880	
Univ: 330	109.55	99.07	0.1981	
Univ: 331	100.13	103.84	0.0477	
Univ: 332	125.01	104.10	0.0125	
Univ: 333	131.97	106.86	0.2264	
Univ: 334	115.07	94.56	13.6813	
Univ: 335	117.43	101.18	0.0244	
Univ: 336	106.76	84.89	0.0887	
Univ: 337	111.86	86.99	16.7803	
Univ: 338	106.33	87.80	22.4286	
Univ: 339	112.55	103.28	0.1759	
Univ: 340	104.63	96.72	0.8105	
Univ: 341	102.47	96.36	0.4612	
Univ: 342	101.39	104.86	0.0024	
Univ: 343	112.97	100.30	0.0735	
Univ: 344	104.25	90.59	2.7639	
Univ: 345	90.85	95.82	0.5048	
Univ: 346	131.89	98.83	0.1904	
Univ: 347	107.20	102.39	0.1014	
Univ: 348	125.97	99.82	0.6703	
Univ: 349	97.96	108.71	0.0007	
Univ: 350	112.20	91.51	5.6875	
Univ: 351	113.54	98.38	0.6352	
Univ: 352	140.88	100.06	1.1435	
Univ: 353	113.69	100.06	0.2372	
Univ: 354	81.20	92.56	0.6716	
Univ: 355	118.54	108.12	0.0343	
Univ: 356	98.00	92.06	4.7618	
Univ: 357	129.34	95.76	5.4689	
Univ: 358	112.52	107.77	0.0030	
Univ: 359	100.62	106.03	0.0117	
Univ: 360	85.59	99.61	0.0235	
Univ: 361	113.15	95.69	1.1331	
Univ: 362	109.37	82.61	0.9613	
Univ: 363	110.85	106.31	0.0174	
Univ: 364	122.75	115.02	0.0000	
Univ: 365	104.52	114.51	0.0001	
Univ: 366	106.47	105.00	0.0169	
Univ: 367	133.57	96.64	1.5290	
Univ: 368	110.69	95.37	0.9813	
Univ: 369	104.73	95.52	2.7365	
Univ: 370	97.07	86.37	9.0738	
Univ: 371	102.37	107.94	0.0482	
Univ: 372	112.43	109.08	0.0086	
Univ: 373	109.07	105.56	0.0240	
Univ: 374	112.66	97.82	0.0307	
Univ: 375	118.76	106.64	0.0291	
Univ: 376	106.03	99.50	0.1758	
Univ: 377	109.91	97.03	2.3611	
Univ: 378	102.76	101.41	0.3195	
Univ: 379	116.19	101.62	0.4178	
Univ: 380	104.69	96.14	3.8291	
Univ: 381	91.23	94.46	7.2453	
Univ: 382	95.25	92.10	0.0675	
Univ: 383	123.32	91.48	11.9961	
Univ: 384	104.46	94.96	1.9574	
Univ: 385	114.70	108.70	0.0026	
Univ: 386	94.96	102.44	0.4697	
Univ: 387	94.45	103.59	0.0113	
Univ: 388	104.08	91.17	0.8464	
Univ: 389	119.55	99.90	0.1145	
Univ: 390	82.85	92.07	3.0815	
Univ: 391	118.36	95.33	8.0480	
Univ: 392	114.92	109.05	0.0045	
Univ: 393	124.78	106.65	0.0063	
Univ: 394	95.95	110.87	0.0012	
Univ: 395	101.26	99.73	1.2843	
Univ: 396	115.28	110.34	0.0033	
Univ: 397	103.09	93.49	0.1930	
Univ: 398	127.27	100.75	0.1864	
Univ: 399	109.64	113.71	0.0000	
Univ: 400	108.09	96.96	0.6373	
Univ: 401	115.90	102.83	0.1288	
Univ: 402	102.95	91.41	0.2784	
Univ: 403	91.48	102.92	0.0311	
Univ: 404	109.96	103.55	0.1043	
Univ: 405	117.43	102.48	0.5650	
Univ: 406	110.10	96.74	3.2724	
Univ: 407	113.53	100.66	0.1049	
Univ: 408	99.65	99.45	0.4202	
Univ: 409	106.61	100.52	0.1785	
Univ: 410	107.05	97.30	2.0844	
Univ: 411	116.52	107.74	0.0039	
Univ: 412	109.56	109.36	0.0053	
Univ: 413	107.04	107.74	0.0264	
Univ: 414	106.69	93.11	5.8217	
Univ: 415	102.25	96.12	1.3046	
Univ: 416	107.90	102.50	0.0720	
Univ: 417	104.68	92.81	0.5362	
Univ: 418	90.67	96.37	0.1466	
Univ: 419	115.21	102.66	0.0033	
Univ: 420	112.36	108.49	0.0010	
Univ: 421	98.99	107.86	0.0019	
Univ: 422	111.63	107.92	0.0023	
Univ: 423	96.48	101.01	0.2383	
Univ: 424	93.98	104.27	0.0138	
Univ: 425	105.24	104.95	0.0124	
Univ: 426	118.46	103.87	0.1004	
Univ: 427	123.87	106.76	0.0042	
Univ: 428	115.55	91.78	8.1962	
Univ: 429	108.13	97.06	0.2314	
Univ: 430	100.32	104.38	0.1158	
Univ: 431	107.55	88.19	0.9368	
Univ: 432	93.75	103.62	0.0321	
Univ: 433	105.01	94.85	2.4206	
Univ: 434	99.33	110.18	0.0010	
Univ: 435	140.55	101.72	0.0104	
Univ: 436	123.99	98.47	0.8342	
Univ: 437	113.16	96.78	1.5669	
Univ: 438	104.90	114.78	0.0014	
Univ: 439	101.92	109.31	0.0006	
Univ: 440	91.26	106.80	0.0260	
Univ: 441	94.11	96.51	0.2629	
Univ: 442	116.74	93.80	5.9711	
Univ: 443	110.54	99.19	0.1965	
Univ: 444	106.79	100.56	0.0702	
Univ: 445	122.63	97.39	1.1415	
Univ: 446	117.80	94.43	23.9161	
Univ: 447	100.49	117.07	0.0000	
Univ: 448	113.38	87.88	13.9463	
Univ: 449	106.33	95.58	0.3023	
Univ: 450	125.67	86.28	0.4548	
Univ: 451	105.58	98.75	2.1815	
Univ: 452	98.48	94.29	0.5119	
Univ: 453	123.36	99.49	2.7943	
Univ: 454	125.53	83.86	21.1727	
Univ: 455	121.76	113.27	0.0056	
Univ: 456	97.07	103.09	0.1038	
Univ: 457	117.09	98.91	0.5594	
Univ: 458	106.50	110.31	0.0016	
Univ: 459	107.32	90.40	5.8157	
Univ: 460	93.20	81.03	0.1335	
Univ: 461	104.64	93.56	12.6646	
Univ: 462	104.43	102.12	0.8824	
Univ: 463	114.05	103.05	0.0962	
Univ: 464	106.59	104.54	0.0430	
Univ: 465	103.88	94.74	4.3050	
Univ: 466	101.52	103.40	0.0151	
Univ: 467	117.60	100.66	0.0700	
Univ: 468	99.19	101.37	0.0137	
Univ: 469	87.99	116.66	0.0001	
Univ: 470	103.66	108.93	0.0072	
Univ: 471	118.86	99.78	0.0269	
Univ: 472	84.73	105.07	0.0296	
Univ: 473	120.30	92.31	3.3365	
Univ: 474	98.33	87.85	1.4278	
Univ: 475	96.52	99.04	2.7681	
Univ: 476	109.25	92.61	1.8295	
Univ: 477	103.62	100.98	0.0737	
Univ: 478	95.41	102.23	0.5887	
Univ: 479	113.59	103.78	0.7016	
Univ: 480	97.18	110.42	0.0231	
Univ: 481	117.98	108.36	0.0007	
Univ: 482	103.73	93.64	6.6250	
Univ: 483	118.38	88.24	14.3099	
Univ: 484	120.21	104.53	0.0185	
Univ: 485	129.56	105.64	0.2753	
Univ: 486	103.73	101.79	0.3365	
Univ: 487	111.27	97.09	3.5359	
Univ: 488	90.29	112.27	0.0021	
Univ: 489	91.17	106.13	0.0742	
Univ: 490	92.55	102.82	0.0538	
Univ: 491	83.77	104.28	0.0108	
Univ: 492	92.89	100.29	0.2402	
Univ: 493	118.12	104.28	0.1317	
Univ: 494	107.28	99.39	1.3161	
Univ: 495	97.70	87.88	6.9599	
Univ: 496	94.94	111.15	0.0072	
Univ: 497	134.41	103.72	0.0922	
Univ: 498	117.97	105.37	0.0177	
Univ: 499	137.16	109.09	0.0037	
Univ: 500	115.67	103.91	0.0312	
Univ: 501	92.78	128.43	0.0000	
Univ: 502	94.85	120.03	0.0000	
Univ: 503	105.77	117.69	0.0000	
Univ: 504	103.10	114.09	0.0005	
Univ: 505	92.17	109.82	0.0000	
Univ: 506	107.38	118.87	0.0001	
Univ: 507	91.54	118.31	0.0000	
Univ: 508	97.83	129.16	0.0000	
Univ: 509	117.49	107.03	0.0001	
Univ: 510	115.01	122.75	0.0000	
Univ: 511	113.93	127.30	0.0000	
Univ: 512	109.54	113.04	0.0000	
Univ: 513	112.38	125.55	0.0000	
Univ: 514	100.95	110.13	0.0018	
Univ: 515	105.55	111.29	0.0000	
Univ: 516	108.22	104.42	0.0126	
Univ: 517	117.22	101.94	0.0067	
Univ: 518	147.73	122.51	0.0000	
Univ: 519	104.63	110.06	0.0000	
Univ: 520	107.82	120.95	0.0000	
Univ: 521	106.49	119.65	0.0000	
Univ: 522	106.20	132.01	0.0000	
Univ: 523	117.55	122.69	0.0000	
Univ: 524	104.55	126.29	0.0000	
Univ: 525	124.97	99.73	0.1034	
Univ: 526	119.33	102.00	0.0001	
Univ: 527	120.50	113.87	0.0035	
Univ: 528	87.15	111.91	0.0002	
Univ: 529	103.99	120.16	0.0000	
Univ: 530	124.72	115.58	0.0000	
Univ: 531	109.86	107.65	0.0002	
Univ: 532	99.80	114.06	0.0000	
Univ: 533	112.29	108.96	0.0011	
Univ: 534	93.11	122.68	0.0000	
Univ: 535	103.30	110.70	0.0001	
Univ: 536	115.59	103.72	0.0119	
Univ: 537	101.03	109.08	0.0003	
Univ: 538	109.09	99.62	0.0240	
Univ: 539	112.94	111.81	0.0002	
Univ: 540	124.77	111.74	0.0068	
Univ: 541	113.12	111.78	0.0000	
Univ: 542	102.96	101.43	0.0011	
Univ: 543	116.06	123.02	0.0000	
Univ: 544	88.91	117.79	0.0000	
Univ: 545	115.18	121.14	0.0000	
Univ: 546	93.67	116.63	0.0000	
Univ: 547	115.03	111.64	0.0000	
Univ: 548	100.65	131.04	0.0000	
Univ: 549	103.19	109.92	0.0000	
Univ: 550	105.39	116.51	0.0000	
Univ: 551	92.88	122.33	0.0000	
Univ: 552	117.94	110.91	0.0001	
Univ: 553	145.19	109.26	0.0000	
Univ: 554	114.91	119.45	0.0000	
Univ: 555	103.73	121.49	0.0000	
Univ: 556	81.72	113.19	0.0000	
Univ: 557	136.94	113.79	0.0001	
Univ: 558	112.08	110.19	0.0003	
Univ: 559	116.95	116.17	0.0000	
Univ: 560	99.66	117.87	0.0000	
Univ: 561	87.64	103.84	0.0115	
Univ: 562	98.23	124.96	0.0000	
Univ: 563	118.48	119.61	0.0000	
Univ: 564	95.84	119.18	0.0000	
Univ: 565	104.19	99.07	0.0692	
Univ: 566	128.57	126.80	0.0000	
Univ: 567	97.92	125.46	0.0000	
Univ: 568	114.43	121.76	0.0000	
Univ: 569	105.79	109.95	0.0000	
Univ: 570	90.77	104.34	0.0001	
Univ: 571	100.56	128.18	0.0000	
Univ: 572	91.42	118.45	0.0000	
Univ: 573	110.70	113.06	0.0003	
Univ: 574	118.77	115.22	0.0000	
Univ: 575	110.58	113.28	0.0000	
Univ: 576	109.76	108.24	0.0000	
Univ: 577	92.13	113.04	0.0006	
Univ: 578	97.88	111.73	0.0006	
Univ: 579	109.69	120.30	0.0000	
Univ: 580	108.20	114.27	0.0000	
Univ: 581	103.24	110.02	0.0000	
Univ: 582	106.39	101.38	0.0005	
Univ: 583	109.42	104.12	0.0009	
Univ: 584	113.30	110.51	0.0000	
Univ: 585	124.33	128.42	0.0000	
Univ: 586	101.99	114.06	0.0000	
Univ: 587	112.95	117.43	0.0000	
Univ: 588	116.19	122.00	0.0000	
Univ: 589	98.46	111.44	0.0000	
Univ: 590	110.73	111.83	0.0021	
Univ: 591	118.65	118.32	0.0000	
Univ: 592	121.44	109.98	0.0000	
Univ: 593	98.52	128.79	0.0000	
Univ: 594	98.81	125.71	0.0000	
Univ: 595	103.90	107.59	0.0039	
Univ: 596	131.49	149.10	0.0000	
Univ: 597	113.03	119.74	0.0000	
Univ: 598	111.46	115.80	0.0001	
Univ: 599	101.17	114.70	0.0000	
Univ: 600	115.94	113.72	0.0000	
Univ: 601	116.52	103.58	0.0055	
Univ: 602	91.07	99.20	0.0115	
Univ: 603	134.16	120.44	0.0000	
Univ: 604	126.02	125.55	0.0000	
Univ: 605	90.46	129.39	0.0000	
Univ: 606	114.04	126.07	0.0000	
Univ: 607	100.01	136.79	0.0000	
Univ: 608	96.97	114.93	0.0000	
Univ: 609	107.76	107.05	0.0002	
Univ: 610	121.35	113.04	0.0000	
Univ: 611	109.55	101.95	0.0020	
Univ: 612	100.82	116.58	0.0000	
Univ: 613	109.27	108.48	0.0011	
Univ: 614	115.46	137.34	0.0000	
Univ: 615	110.40	100.55	0.0056	
Univ: 616	107.31	126.49	0.0000	
Univ: 617	90.06	131.22	0.0000	
Univ: 618	103.42	124.98	0.0000	
Univ: 619	90.66	105.87	0.0027	
Univ: 620	128.25	120.85	0.0000	
Univ: 621	134.37	126.73	0.0000	
Univ: 622	126.64	101.94	0.0014	
Univ: 623	110.14	112.73	0.0000	
Univ: 624	114.74	113.33	0.0000	
Univ: 625	99.67	121.44	0.0000	
Univ: 626	108.12	121.08	0.0000	
Univ: 627	100.06	124.37	0.0000	
Univ: 628	101.52	108.37	0.0000	
Univ: 629	115.23	122.72	0.0000	
Univ: 630	120.74	109.04	0.0000	
Univ: 631	91.78	111.43	0.0003	
Univ: 632	94.85	102.54	0.0153	
Univ: 633	102.01	110.87	0.0005	
Univ: 634	102.17	127.45	0.0000	
Univ: 635	121.20	133.01	0.0000	
Univ: 636	92.56	117.30	0.0000	
Univ: 637	122.21	110.03	0.0000	
Univ: 638	108.21	109.36	0.0001	
Univ: 639	105.21	113.11	0.0000	
Univ: 640	95.38	120.60	0.0000	
Univ: 641	125.40	113.34	0.0010	
Univ: 642	114.70	114.85	0.0000	
Univ: 643	107.42	109.77	0.0003	
Univ: 644	121.04	120.29	0.0000	
Univ: 645	92.93	139.28	0.0000	
Univ: 646	115.97	110.82	0.0001	
Univ: 647	90.75	114.52	0.0000	
Univ: 648	100.35	117.91	0.0000	
Univ: 649	100.72	105.42	0.0015	
Univ: 650	101.76	126.78	0.0000	
Univ: 651	98.21	144.12	0.0000	
Univ: 652	100.89	114.26	0.0002	
Univ: 653	112.91	114.85	0.0000	
Univ: 654	124.99	116.04	0.0000	
Univ: 655	107.52	123.72	0.0000	
Univ: 656	100.85	120.10	0.0000	
Univ: 657	103.73	111.72	0.0000	
Univ: 658	107.06	105.17	0.0009	
Univ: 659	105.09	108.13	0.0001	
Univ: 660	95.16	99.82	0.0198	
Univ: 661	100.31	120.85	0.0000	
Univ: 662	99.07	127.07	0.0000	
Univ: 663	103.84	120.22	0.0000	
Univ: 664	104.10	113.21	0.0002	
Univ: 665	106.86	133.52	0.0000	
Univ: 666	94.56	110.66	0.0002	
Univ: 667	116.92	125.01	0.0000	
Univ: 668	101.18	131.97	0.0000	
Univ: 669	112.04	115.07	0.0000	
Univ: 670	84.89	117.43	0.0000	
Univ: 671	86.99	112.55	0.0000	
Univ: 672	87.80	102.47	0.0148	
Univ: 673	105.07	104.25	0.0680	
Univ: 674	103.28	131.89	0.0000	
Univ: 675	96.72	107.20	0.0160	
Univ: 676	96.36	125.97	0.0000	
Univ: 677	109.26	112.20	0.0000	
Univ: 678	104.86	140.88	0.0000	
Univ: 679	117.31	118.54	0.0000	
Univ: 680	104.17	98.00	0.0066	
Univ: 681	107.60	129.34	0.0000	
Univ: 682	122.33	113.15	0.0000	
Univ: 683	100.30	110.85	0.0000	
Univ: 684	120.92	122.75	0.0000	
Univ: 685	105.86	133.57	0.0000	
Univ: 686	90.59	97.07	0.0026	
Univ: 687	95.82	112.43	0.0000	
Univ: 688	98.83	112.66	0.0000	
Univ: 689	102.39	118.76	0.0000	
Univ: 690	99.82	109.91	0.0001	
Univ: 691	119.67	116.19	0.0000	
Univ: 692	108.71	104.69	0.0009	
Univ: 693	91.51	123.32	0.0000	
Univ: 694	98.38	94.96	0.1048	
Univ: 695	100.06	119.55	0.0000	
Univ: 696	111.17	118.36	0.0000	
Univ: 697	113.96	114.92	0.0001	
Univ: 698	100.06	124.78	0.0000	
Univ: 699	111.84	115.28	0.0000	
Univ: 700	92.56	127.27	0.0000	
Univ: 701	108.12	109.64	0.0004	
Univ: 702	92.06	108.09	0.0021	
Univ: 703	95.76	115.90	0.0000	
Univ: 704	107.77	109.96	0.0000	
Univ: 705	106.03	117.43	0.0000	
Univ: 706	99.61	110.10	0.0001	
Univ: 707	95.69	113.53	0.0000	
Univ: 708	102.36	99.65	0.0088	
Univ: 709	82.61	106.61	0.0013	
Univ: 710	134.53	107.05	0.0006	
Univ: 711	103.93	116.52	0.0000	
Univ: 712	110.56	106.69	0.0017	
Univ: 713	106.31	107.90	0.0013	
Univ: 714	115.02	104.68	0.0007	
Univ: 715	124.69	115.21	0.0000	
Univ: 716	114.51	111.63	0.0010	
Univ: 717	105.00	96.48	0.0123	
Univ: 718	114.78	118.46	0.0000	
Univ: 719	111.79	123.87	0.0000	
Univ: 720	109.84	115.55	0.0000	
Univ: 721	131.72	107.55	0.0003	
Univ: 722	119.24	140.55	0.0000	
Univ: 723	96.64	123.99	0.0000	
Univ: 724	95.37	113.16	0.0000	
Univ: 725	95.52	116.74	0.0000	
Univ: 726	131.50	122.63	0.0000	
Univ: 727	96.51	117.80	0.0000	
Univ: 728	86.37	106.33	0.0011	
Univ: 729	120.59	125.67	0.0000	
Univ: 730	107.94	123.36	0.0000	
Univ: 731	109.08	125.53	0.0000	
Univ: 732	105.56	117.09	0.0000	
Univ: 733	146.64	106.50	0.0054	
Univ: 734	97.82	107.32	0.0011	
Univ: 735	123.13	101.52	0.0647	
Univ: 736	109.92	117.60	0.0000	
Univ: 737	106.64	118.86	0.0000	
Univ: 738	99.50	120.30	0.0000	
Univ: 739	97.03	103.62	0.0094	
Univ: 740	106.87	95.41	0.0019	
Univ: 741	114.90	113.59	0.0000	
Univ: 742	101.41	117.98	0.0000	
Univ: 743	101.62	118.38	0.0000	
Univ: 744	129.21	120.21	0.0000	
Univ: 745	96.14	129.56	0.0000	
Univ: 746	94.46	111.27	0.0006	
Univ: 747	92.10	118.12	0.0000	
Univ: 748	91.48	134.41	0.0000	
Univ: 749	94.96	117.97	0.0000	
Univ: 750	108.70	137.16	0.0000	
Univ: 751	102.44	115.67	0.0000	
Univ: 752	103.59	103.10	0.0367	
Univ: 753	91.17	117.49	0.0000	
Univ: 754	99.90	115.01	0.0000	
Univ: 755	92.07	113.93	0.0000	
Univ: 756	95.33	112.38	0.0000	
Univ: 757	109.05	117.22	0.0000	
Univ: 758	106.65	147.73	0.0000	
Univ: 759	105.57	104.63	0.0072	
Univ: 760	127.24	117.55	0.0000	
Univ: 761	129.32	104.55	0.0043	
Univ: 762	110.87	124.97	0.0000	
Univ: 763	99.73	119.33	0.0000	
Univ: 764	114.05	120.50	0.0000	
Univ: 765	115.61	124.72	0.0000	
Univ: 766	106.27	99.80	0.0338	
Univ: 767	110.34	112.29	0.0002	
Univ: 768	93.49	103.30	0.0004	
Univ: 769	125.66	115.59	0.0000	
Univ: 770	117.83	109.09	0.0000	
Univ: 771	100.75	112.94	0.0021	
Univ: 772	108.79	124.77	0.0000	
Univ: 773	113.71	113.12	0.0000	
Univ: 774	96.96	115.18	0.0000	
Univ: 775	121.48	103.19	0.0211	
Univ: 776	108.00	145.19	0.0000	
Univ: 777	102.83	114.91	0.0000	
Univ: 778	91.41	136.94	0.0000	
Univ: 779	102.92	116.95	0.0001	
Univ: 780	117.66	118.48	0.0000	
Univ: 781	112.85	104.19	0.0001	
Univ: 782	118.81	128.57	0.0000	
Univ: 783	103.55	114.43	0.0000	
Univ: 784	96.74	105.79	0.0004	
Univ: 785	102.48	110.70	0.0001	
Univ: 786	96.74	118.77	0.0000	
Univ: 787	100.66	110.58	0.0017	
Univ: 788	99.45	109.76	0.0001	
Univ: 789	100.52	108.20	0.0036	
Univ: 790	106.62	103.24	0.0105	
Univ: 791	111.28	106.39	0.0152	
Univ: 792	106.63	109.42	0.0005	
Univ: 793	112.21	113.30	0.0000	
Univ: 794	126.98	124.33	0.0000	
Univ: 795	128.51	98.46	0.0063	
Univ: 796	97.30	110.73	0.0000	
Univ: 797	107.74	118.65	0.0000	
Univ: 798	109.36	121.44	0.0000	
Univ: 799	107.74	103.90	0.0000	
Univ: 800	111.09	131.49	0.0000	
Univ: 801	93.11	113.03	0.0003	
Univ: 802	127.19	101.17	0.0005	
Univ: 803	96.12	115.94	0.0000	
Univ: 804	134.48	116.52	0.0000	
Univ: 805	116.50	134.16	0.0000	
Univ: 806	129.59	126.02	0.0000	
Univ: 807	102.50	114.04	0.0000	
Univ: 808	99.06	96.97	0.0001	
Univ: 809	107.88	121.35	0.0000	
Univ: 810	114.43	109.55	0.0012	
Univ: 811	92.81	100.82	0.0013	
Univ: 812	113.44	115.46	0.0001	
Univ: 813	96.37	110.40	0.0000	
Univ: 814	102.66	107.31	0.0047	
Univ: 815	108.49	128.25	0.0000	
Univ: 816	108.06	134.37	0.0000	
Univ: 817	107.86	126.64	0.0000	
Univ: 818	116.08	114.74	0.0000	
Univ: 819	107.92	108.12	0.0032	
Univ: 820	109.68	115.23	0.0000	
Univ: 821	101.01	120.74	0.0000	
Univ: 822	104.27	121.20	0.0000	
Univ: 823	116.30	122.21	0.0000	
Univ: 824	100.98	125.40	0.0000	
Univ: 825	122.59	114.70	0.0000	
Univ: 826	104.95	107.42	0.0014	
Univ: 827	110.09	121.04	0.0000	
Univ: 828	103.87	101.76	0.0070	
Univ: 829	114.67	112.91	0.0000	
Univ: 830	106.76	124.99	0.0000	
Univ: 831	91.78	107.52	0.0003	
Univ: 832	117.57	116.92	0.0000	
Univ: 833	97.06	112.04	0.0000	
Univ: 834	104.38	105.07	0.0004	
Univ: 835	88.19	109.26	0.0000	
Univ: 836	103.62	117.31	0.0000	
Univ: 837	94.85	104.17	0.0230	
Univ: 838	109.77	107.60	0.0120	
Univ: 839	102.13	122.33	0.0000	
Univ: 840	110.18	120.92	0.0000	
Univ: 841	101.72	105.86	0.0011	
Univ: 842	107.13	119.67	0.0000	
Univ: 843	136.81	111.17	0.0000	
Univ: 844	115.46	113.96	0.0000	
Univ: 845	114.41	111.84	0.0001	
Univ: 846	125.45	102.36	0.0002	
Univ: 847	98.47	134.53	0.0000	
Univ: 848	117.89	103.93	0.0000	
Univ: 849	114.67	110.56	0.0006	
Univ: 850	125.07	124.69	0.0000	
Univ: 851	96.78	114.78	0.0000	
Univ: 852	107.31	111.79	0.0000	
Univ: 853	118.64	109.84	0.0057	
Univ: 854	114.78	131.72	0.0000	
Univ: 855	109.31	119.24	0.0000	
Univ: 856	106.80	131.50	0.0000	
Univ: 857	103.59	96.51	0.0146	
Univ: 858	96.51	120.59	0.0000	
Univ: 859	136.91	146.64	0.0000	
Univ: 860	131.11	123.13	0.0000	
Univ: 861	93.80	109.92	0.0001	
Univ: 862	99.19	106.87	0.0033	
Univ: 863	117.68	114.90	0.0000	
Univ: 864	100.56	129.21	0.0000	
Univ: 865	104.23	105.57	0.0024	
Univ: 866	126.44	127.24	0.0000	
Univ: 867	97.39	129.32	0.0000	
Univ: 868	94.43	114.05	0.0000	
Univ: 869	117.07	115.61	0.0000	
Univ: 870	87.88	106.27	0.0003	
Univ: 871	95.58	125.66	0.0000	
Univ: 872	109.94	117.83	0.0000	
Univ: 873	86.28	108.79	0.0002	
Univ: 874	98.75	121.48	0.0000	
Univ: 875	116.95	108.00	0.0004	
Univ: 876	107.81	117.66	0.0000	
Univ: 877	118.60	112.85	0.0000	
Univ: 878	94.29	118.81	0.0000	
Univ: 879	110.82	96.74	0.1831	
Univ: 880	109.70	106.62	0.0011	
Univ: 881	111.30	111.28	0.0000	
Univ: 882	99.49	106.63	0.0027	
Univ: 883	83.86	112.21	0.0001	
Univ: 884	134.71	126.98	0.0000	
Univ: 885	140.94	128.51	0.0000	
Univ: 886	113.27	111.09	0.0001	
Univ: 887	104.43	127.19	0.0000	
Univ: 888	103.09	134.48	0.0000	
Univ: 889	115.56	116.50	0.0000	
Univ: 890	98.91	129.59	0.0000	
Univ: 891	108.79	99.06	0.0383	
Univ: 892	116.35	107.88	0.0007	
Univ: 893	126.16	114.43	0.0000	
Univ: 894	119.58	113.44	0.0000	
Univ: 895	110.31	108.06	0.0000	
Univ: 896	90.40	116.08	0.0000	
Univ: 897	81.03	109.68	0.0002	
Univ: 898	149.47	116.30	0.0000	
Univ: 899	106.74	100.98	0.0634	
Univ: 900	123.02	122.59	0.0000	
Univ: 901	126.08	110.09	0.0003	
Univ: 902	124.29	114.67	0.0000	
Univ: 903	93.56	117.57	0.0001	
Univ: 904	122.73	109.77	0.0001	
Univ: 905	102.12	102.13	0.0002	
Univ: 906	103.05	107.13	0.0000	
Univ: 907	104.54	136.81	0.0000	
Univ: 908	94.74	115.46	0.0000	
Univ: 909	118.36	114.41	0.0000	
Univ: 910	114.54	125.45	0.0000	
Univ: 911	113.69	117.89	0.0000	
Univ: 912	105.40	114.67	0.0000	
Univ: 913	116.74	125.07	0.0000	
Univ: 914	105.75	107.31	0.0000	
Univ: 915	103.40	118.64	0.0000	
Univ: 916	131.71	103.59	0.0023	
Univ: 917	118.19	136.91	0.0000	
Univ: 918	117.80	131.11	0.0000	
Univ: 919	104.19	117.68	0.0000	
Univ: 920	100.66	104.23	0.0058	
Univ: 921	101.37	126.44	0.0000	
Univ: 922	119.33	109.94	0.0025	
Univ: 923	117.84	116.95	0.0000	
Univ: 924	116.66	107.81	0.0002	
Univ: 925	107.91	118.60	0.0000	
Univ: 926	108.93	110.82	0.0000	
Univ: 927	135.52	109.70	0.0001	
Univ: 928	99.78	111.30	0.0004	
Univ: 929	105.07	134.71	0.0000	
Univ: 930	92.31	140.94	0.0000	
Univ: 931	116.44	104.43	0.0012	
Univ: 932	145.68	115.56	0.0000	
Univ: 933	109.85	108.79	0.0009	
Univ: 934	87.85	116.35	0.0000	
Univ: 935	117.71	126.16	0.0000	
Univ: 936	105.23	119.58	0.0000	
Univ: 937	99.04	149.47	0.0000	
Univ: 938	92.61	106.74	0.0007	
Univ: 939	111.35	123.02	0.0000	
Univ: 940	129.65	126.08	0.0000	
Univ: 941	107.59	124.29	0.0000	
Univ: 942	119.71	122.73	0.0000	
Univ: 943	130.44	118.36	0.0000	
Univ: 944	119.15	114.54	0.0000	
Univ: 945	119.38	113.69	0.0001	
Univ: 946	116.82	105.40	0.0012	
Univ: 947	100.98	116.74	0.0001	
Univ: 948	104.18	105.75	0.0056	
Univ: 949	102.23	131.71	0.0000	
Univ: 950	115.61	118.19	0.0001	
Univ: 951	103.78	117.80	0.0000	
Univ: 952	117.29	104.19	0.0089	
Univ: 953	110.42	119.33	0.0000	
Univ: 954	112.01	117.84	0.0000	
Univ: 955	108.36	107.91	0.0001	
Univ: 956	93.64	135.52	0.0000	
Univ: 957	88.24	116.44	0.0000	
Univ: 958	104.53	145.68	0.0000	
Univ: 959	110.63	109.85	0.0001	
Univ: 960	110.73	117.71	0.0000	
Univ: 961	124.77	105.23	0.0143	
Univ: 962	120.85	111.35	0.0016	
Univ: 963	105.64	129.65	0.0000	
Univ: 964	130.32	107.59	0.0002	
Univ: 965	101.79	119.71	0.0000	
Univ: 966	97.09	130.44	0.0000	
Univ: 967	112.27	119.15	0.0000	
Univ: 968	99.51	119.38	0.0000	
Univ: 969	118.82	116.82	0.0000	
Univ: 970	106.13	104.18	0.0279	
Univ: 971	121.71	115.61	0.0000	
Univ: 972	114.46	117.29	0.0000	
Univ: 973	102.82	112.01	0.0000	
Univ: 974	121.20	110.63	0.0000	
Univ: 975	104.28	110.73	0.0004	
Univ: 976	111.32	124.77	0.0000	
Univ: 977	119.20	120.85	0.0000	
Univ: 978	100.29	130.32	0.0000	
Univ: 979	121.39	99.51	0.0421	
Univ: 980	134.51	118.82	0.0000	
Univ: 981	104.28	121.71	0.0000	
Univ: 982	99.39	114.46	0.0000	
Univ: 983	87.88	121.20	0.0000	
Univ: 984	111.15	111.32	0.0000	
Univ: 985	102.54	119.20	0.0000	
Univ: 986	111.27	121.39	0.0000	
Univ: 987	114.87	134.51	0.0000	
Univ: 988	103.72	102.54	0.0000	
Univ: 989	105.37	111.27	0.0000	
Univ: 990	101.45	114.87	0.0000	
Univ: 991	126.12	101.45	0.0193	
Univ: 992	113.47	126.12	0.0000	
Univ: 993	109.09	113.47	0.0000	
Univ: 994	120.93	120.93	0.0000	
Univ: 995	115.53	115.53	0.0000	
Univ: 996	130.37	130.37	0.0000	
Univ: 997	105.98	105.98	0.0062	
Univ: 998	114.75	114.75	0.0000	
Univ: 999	116.96	116.96	0.0000	
