CV:    -1	85.96	76.43	
Univ:   0	83.15	76.41	4.7996	
Univ:   1	76.41	81.78	0.4793	
Univ:   2	81.78	78.76	1.7721	
Univ:   3	96.87	86.79	0.0265	
Univ:   4	78.76	71.25	2.0172	
Univ:   5	90.13	77.24	18.2290	
Univ:   6	86.79	77.20	6.0805	
Univ:   7	92.61	84.56	0.0146	
Univ:   8	85.68	87.08	0.0004	
Univ:   9	71.25	78.88	1.7594	
Univ:  10	77.24	81.11	0.0766	
Univ:  11	89.18	78.37	0.7419	
Univ:  12	77.20	82.91	0.0040	
Univ:  13	88.97	70.61	0.9884	
Univ:  14	84.56	75.50	3.7430	
Univ:  15	87.08	74.59	2.3940	
Univ:  16	78.88	88.11	0.0000	
Univ:  17	81.11	78.21	1.1059	
Univ:  18	78.37	81.06	0.5576	
Univ:  19	87.82	82.38	0.4062	
Univ:  20	82.91	75.84	8.8922	
Univ:  21	100.86	79.99	1.5933	
Univ:  22	84.06	79.50	2.6269	
Univ:  23	91.84	92.56	0.0001	
Univ:  24	95.39	77.44	1.4874	
Univ:  25	70.61	77.04	7.7481	
Univ:  26	90.62	76.19	17.6498	
Univ:  27	92.99	88.57	0.0009	
Univ:  28	75.50	80.03	4.5745	
Univ:  29	88.84	84.76	0.0003	
Univ:  30	74.59	86.25	0.0193	
Univ:  31	88.11	80.58	0.0494	
Univ:  32	89.28	83.37	0.3966	
Univ:  33	78.21	80.91	1.6450	
Univ:  34	81.06	84.20	0.0201	
Univ:  35	87.30	91.42	0.0087	
Univ:  36	86.87	82.91	0.0244	
Univ:  37	91.25	85.35	0.0577	
Univ:  38	89.79	86.03	0.0001	
Univ:  39	92.67	82.80	0.0473	
Univ:  40	82.38	80.96	0.5808	
Univ:  41	75.84	75.36	14.5763	
Univ:  42	96.34	75.12	26.9529	
Univ:  43	79.99	84.68	0.7016	
Univ:  44	79.50	76.72	2.7736	
Univ:  45	104.82	82.27	0.0235	
Univ:  46	92.56	87.25	0.0095	
Univ:  47	96.18	85.91	0.0129	
Univ:  48	77.44	87.72	0.0008	
Univ:  49	95.66	88.21	0.0030	
Univ:  50	77.04	75.87	0.6466	
Univ:  51	76.19	83.99	0.0040	
Univ:  52	81.66	74.74	11.4931	
Univ:  53	86.98	78.19	2.6397	
Univ:  54	88.57	81.01	0.0894	
Univ:  55	80.03	86.57	0.0015	
Univ:  56	84.76	75.95	5.7128	
Univ:  57	86.12	85.04	0.0052	
Univ:  58	85.98	82.14	0.0783	
Univ:  59	92.97	84.48	0.0194	
Univ:  60	93.00	78.03	4.3324	
Univ:  61	88.15	78.89	1.0557	
Univ:  62	92.93	81.70	0.0226	
Univ:  63	86.25	87.84	0.0181	
Univ:  64	80.58	76.90	3.9175	
Univ:  65	83.37	89.53	0.0000	
Univ:  66	80.91	80.96	0.3415	
Univ:  67	84.20	88.48	0.0084	
Univ:  68	91.42	81.06	0.1674	
Univ:  69	82.91	84.21	0.0586	
Univ:  70	85.76	75.97	1.6557	
Univ:  71	85.35	82.51	0.0107	
Univ:  72	96.00	80.23	1.4372	
Univ:  73	86.03	87.34	0.0084	
Univ:  74	87.65	80.55	0.1002	
Univ:  75	85.31	84.66	0.0041	
Univ:  76	92.22	82.46	0.0228	
Univ:  77	82.80	83.76	0.0001	
Univ:  78	80.96	85.51	0.0120	
Univ:  79	82.17	85.08	0.0490	
Univ:  80	75.36	81.95	0.0345	
Univ:  81	75.12	73.81	10.2078	
Univ:  82	84.68	88.30	0.0006	
Univ:  83	86.59	86.85	0.0006	
Univ:  84	76.72	77.49	0.5262	
Univ:  85	82.57	81.73	6.2670	
Univ:  86	87.00	87.63	0.0189	
Univ:  87	89.00	78.89	2.3601	
Univ:  88	82.27	86.52	0.0079	
Univ:  89	99.23	69.44	1.9393	
Univ:  90	90.49	81.92	0.1171	
Univ:  91	91.89	79.31	4.6141	
Univ:  92	87.25	86.40	0.0016	
Univ:  93	91.73	90.12	0.0003	
Univ:  94	91.57	76.02	8.0226	
Univ:  95	85.91	87.30	0.0009	
Univ:  96	87.72	83.00	0.0862	
Univ:  97	103.24	82.31	0.1362	
Univ:  98	89.79	78.67	5.0591	
Univ:  99	88.21	83.14	0.0254	
Univ: 100	75.87	84.17	0.0020	
Univ: 101	95.19	78.85	2.7334	
Univ: 102	94.51	82.54	0.1932	
Univ: 103	87.42	85.04	0.0646	
Univ: 104	90.88	77.08	6.9364	
Univ: 105	90.96	75.66	22.2632	
Univ: 106	90.15	80.56	0.3077	
Univ: 107	83.99	84.73	0.2392	
Univ: 108	74.74	80.51	0.7333	
Univ: 109	78.19	86.23	0.0140	
Univ: 110	81.01	85.89	0.0016	
Univ: 111	86.57	77.36	2.5337	
Univ: 112	75.95	88.33	0.0015	
Univ: 113	90.25	81.68	0.0187	
Univ: 114	85.04	86.07	0.0056	
Univ: 115	88.36	84.94	0.0069	
Univ: 116	87.12	85.60	0.0106	
Univ: 117	89.49	87.70	0.0397	
Univ: 118	93.70	85.31	0.0440	
Univ: 119	84.93	77.10	2.1269	
Univ: 120	98.90	82.24	0.0488	
Univ: 121	96.02	92.73	0.0000	
Univ: 122	82.14	83.65	0.2953	
Univ: 123	84.48	83.88	0.2646	
Univ: 124	78.03	83.97	0.0061	
Univ: 125	78.89	88.25	0.0005	
Univ: 126	91.50	83.75	0.9268	
Univ: 127	81.98	77.10	6.5918	
Univ: 128	81.70	76.42	2.5873	
Univ: 129	94.38	77.28	6.4736	
Univ: 130	98.08	77.13	13.3334	
Univ: 131	94.41	80.21	5.9443	
Univ: 132	87.07	85.18	0.0003	
Univ: 133	86.27	84.22	0.0893	
Univ: 134	87.84	82.59	0.0272	
Univ: 135	96.82	80.91	1.2869	
Univ: 136	76.90	85.74	0.2487	
Univ: 137	92.83	87.25	0.0007	
Univ: 138	87.29	80.20	4.9736	
Univ: 139	89.53	88.25	0.0012	
Univ: 140	80.96	85.19	0.0367	
Univ: 141	88.48	81.58	0.2020	
Univ: 142	81.06	83.94	0.0157	
Univ: 143	84.21	89.65	0.0000	
Univ: 144	94.73	85.66	0.0557	
Univ: 145	75.97	87.59	0.0159	
Univ: 146	89.65	82.82	0.4268	
Univ: 147	82.51	78.99	1.3398	
Univ: 148	91.56	77.13	30.7099	
Univ: 149	80.23	77.96	6.3116	
Univ: 150	85.97	78.90	0.4250	
Univ: 151	87.34	84.24	0.0693	
Univ: 152	80.55	88.97	0.0024	
Univ: 153	85.97	78.95	1.5828	
Univ: 154	84.66	84.78	0.0046	
Univ: 155	94.84	72.25	2.2674	
Univ: 156	82.46	84.11	0.0554	
Univ: 157	91.63	81.04	0.1773	
Univ: 158	87.34	79.99	3.4980	
Univ: 159	84.92	76.32	12.5155	
Univ: 160	87.48	76.56	6.1035	
Univ: 161	83.76	81.89	0.8375	
Univ: 162	89.82	79.94	1.8636	
Univ: 163	85.51	89.11	0.0003	
Univ: 164	85.08	82.00	0.3594	
Univ: 165	81.95	84.50	0.0058	
Univ: 166	73.81	88.00	0.0004	
Univ: 167	93.36	83.36	0.0210	
Univ: 168	88.30	83.72	0.0334	
Univ: 169	86.85	85.68	0.0530	
Univ: 170	77.49	88.26	0.0005	
Univ: 171	81.73	77.40	1.8832	
Univ: 172	90.20	80.17	0.2410	
Univ: 173	94.43	89.52	0.0001	
Univ: 174	90.26	90.58	0.0002	
Univ: 175	91.93	70.24	1.8549	
Univ: 176	87.63	90.00	0.0001	
Univ: 177	78.89	80.67	0.5346	
Univ: 178	86.52	76.92	14.8848	
Univ: 179	69.44	89.30	0.0150	
Univ: 180	85.42	84.05	0.0429	
Univ: 181	87.40	91.07	0.0003	
Univ: 182	81.92	88.16	0.0023	
Univ: 183	90.86	86.60	0.0755	
Univ: 184	79.31	82.63	0.0592	
Univ: 185	86.40	87.34	0.0012	
Univ: 186	99.16	83.72	0.0348	
Univ: 187	96.53	81.73	0.1146	
Univ: 188	85.63	79.48	1.1583	
Univ: 189	104.97	76.73	9.6988	
Univ: 190	90.12	84.69	0.0561	
Univ: 191	76.02	87.13	0.0006	
Univ: 192	94.25	77.95	3.9773	
Univ: 193	87.07	80.99	0.1298	
Univ: 194	87.30	76.22	5.8177	
Univ: 195	90.44	75.23	7.6397	
Univ: 196	86.15	84.68	0.0286	
Univ: 197	85.40	78.69	0.5847	
Univ: 198	83.00	84.18	0.2290	
Univ: 199	81.98	74.10	21.0149	
Univ: 200	82.31	87.87	0.0015	
Univ: 201	78.67	86.90	0.0048	
Univ: 202	91.63	86.12	0.0749	
Univ: 203	83.14	74.35	14.6963	
Univ: 204	98.64	86.61	0.0003	
Univ: 205	84.17	85.43	0.0208	
Univ: 206	78.85	79.11	5.7900	
Univ: 207	91.98	86.15	0.0095	
Univ: 208	82.54	87.34	0.0022	
Univ: 209	95.50	80.49	0.2263	
Univ: 210	105.67	74.51	1.2614	
Univ: 211	85.04	83.97	0.0861	
Univ: 212	91.02	86.07	0.5203	
Univ: 213	85.69	83.19	0.3046	
Univ: 214	77.08	84.91	0.0161	
Univ: 215	86.17	78.02	14.7436	
Univ: 216	75.66	77.26	2.2251	
Univ: 217	80.56	87.78	0.0002	
Univ: 218	84.73	83.25	0.0075	
Univ: 219	87.26	79.96	0.3756	
Univ: 220	88.53	88.79	0.0001	
Univ: 221	86.21	84.91	0.0126	
Univ: 222	80.51	82.39	0.1208	
Univ: 223	86.23	91.78	0.0000	
Univ: 224	104.44	85.60	0.2889	
Univ: 225	86.88	77.90	1.2883	
Univ: 226	97.77	83.38	0.0537	
Univ: 227	85.89	80.73	0.8044	
Univ: 228	77.36	88.18	0.0001	
Univ: 229	105.44	87.50	0.0262	
Univ: 230	88.33	83.44	0.2674	
Univ: 231	81.68	83.80	0.4516	
Univ: 232	98.61	78.48	2.0138	
Univ: 233	86.07	87.52	0.0013	
Univ: 234	87.00	76.64	10.6045	
Univ: 235	90.26	78.53	4.4163	
Univ: 236	94.35	84.94	0.1870	
Univ: 237	86.93	87.93	0.0014	
Univ: 238	84.94	76.58	2.9187	
Univ: 239	89.18	87.30	0.0151	
Univ: 240	86.73	81.39	0.3601	
Univ: 241	95.47	80.65	1.6980	
Univ: 242	92.49	79.60	11.2155	
Univ: 243	85.60	78.78	5.9503	
Univ: 244	87.70	76.17	9.6685	
Univ: 245	85.31	80.51	1.1760	
Univ: 246	77.10	86.30	0.0013	
Univ: 247	82.24	83.25	0.2226	
Univ: 248	92.73	76.97	5.2150	
Univ: 249	96.03	79.99	4.4342	
Univ: 250	91.83	79.89	0.7946	
Univ: 251	91.44	86.05	0.0585	
Univ: 252	83.65	79.86	6.2176	
Univ: 253	83.88	83.82	0.1765	
Univ: 254	83.97	76.43	6.3874	
Univ: 255	88.97	81.34	0.4716	
Univ: 256	85.22	84.86	0.0414	
Univ: 257	81.74	79.28	0.1362	
Univ: 258	88.70	84.84	0.0151	
Univ: 259	88.25	82.76	0.0202	
Univ: 260	101.27	85.32	0.0034	
Univ: 261	83.75	86.32	0.0074	
Univ: 262	77.10	85.23	0.0028	
Univ: 263	96.49	73.32	14.7964	
Univ: 264	76.42	80.81	0.0607	
Univ: 265	92.59	86.98	0.0215	
Univ: 266	77.28	79.61	6.8750	
Univ: 267	77.13	81.62	1.6141	
Univ: 268	80.21	84.63	0.0536	
Univ: 269	90.55	86.37	0.0009	
Univ: 270	89.20	74.09	17.6768	
Univ: 271	91.64	80.24	0.7679	
Univ: 272	97.10	91.85	0.0000	
Univ: 273	85.18	80.75	2.1786	
Univ: 274	84.22	79.15	0.0592	
Univ: 275	85.97	79.54	4.0765	
Univ: 276	92.38	88.75	0.0000	
Univ: 277	87.39	84.29	0.0674	
Univ: 278	82.59	67.00	2.0462	
Univ: 279	92.30	86.07	0.0007	
Univ: 280	103.86	79.59	0.9124	
Univ: 281	92.12	78.25	11.1783	
Univ: 282	90.22	82.48	0.3769	
Univ: 283	80.91	80.75	0.7524	
Univ: 284	85.74	81.06	1.1459	
Univ: 285	87.25	75.68	0.4202	
Univ: 286	91.27	79.83	0.3485	
Univ: 287	80.20	83.32	8.6603	
Univ: 288	87.79	78.24	0.2390	
Univ: 289	101.05	81.86	3.0062	
Univ: 290	88.25	85.13	0.0157	
Univ: 291	85.19	83.59	0.0417	
Univ: 292	104.16	85.93	0.0059	
Univ: 293	88.89	86.79	0.0007	
Univ: 294	81.58	77.29	0.4264	
Univ: 295	89.70	79.07	2.0081	
Univ: 296	92.79	88.96	0.0023	
Univ: 297	83.94	77.20	16.8349	
Univ: 298	96.54	77.21	4.0699	
Univ: 299	89.65	81.92	0.3898	
Univ: 300	89.84	83.35	0.0543	
Univ: 301	87.48	86.12	0.0024	
Univ: 302	85.66	73.93	0.0122	
Univ: 303	87.59	85.60	0.0042	
Univ: 304	82.82	73.40	3.2037	
Univ: 305	78.99	80.22	0.0186	
Univ: 306	77.13	82.23	0.6695	
Univ: 307	77.96	80.14	0.8105	
Univ: 308	78.90	85.58	0.2080	
Univ: 309	84.24	78.21	1.5607	
Univ: 310	84.56	80.10	7.1465	
Univ: 311	90.88	84.45	0.0209	
Univ: 312	88.97	86.77	0.0804	
Univ: 313	78.95	78.66	4.3513	
Univ: 314	84.98	89.09	0.0067	
Univ: 315	97.30	88.07	0.0063	
Univ: 316	96.84	78.41	1.6807	
Univ: 317	84.78	79.17	0.2922	
Univ: 318	72.25	88.92	0.0008	
Univ: 319	84.11	79.83	13.8434	
Univ: 320	81.04	86.67	0.1130	
Univ: 321	79.99	81.48	0.2586	
Univ: 322	76.32	81.87	1.1302	
Univ: 323	92.84	81.60	0.9110	
Univ: 324	76.56	82.78	0.1457	
Univ: 325	88.79	84.02	0.0327	
Univ: 326	81.89	91.33	0.0002	
Univ: 327	103.17	83.61	0.0201	
Univ: 328	86.84	82.81	0.8027	
Univ: 329	79.94	80.87	0.4880	
Univ: 330	89.11	82.53	0.1981	
Univ: 331	82.00	84.56	0.0477	
Univ: 332	98.83	85.80	0.0125	
Univ: 333	100.00	85.27	0.2264	
Univ: 334	96.96	78.76	13.6813	
Univ: 335	92.91	82.89	0.0244	
Univ: 336	84.50	71.40	0.0887	
Univ: 337	88.00	78.14	16.7803	
Univ: 338	83.36	74.89	22.4286	
Univ: 339	89.87	80.72	0.1759	
Univ: 340	83.72	83.15	0.8105	
Univ: 341	86.16	80.20	0.4612	
Univ: 342	85.68	86.73	0.0024	
Univ: 343	88.26	82.59	0.0735	
Univ: 344	79.88	81.01	2.7639	
Univ: 345	77.40	81.72	0.5048	
Univ: 346	98.77	81.55	0.1904	
Univ: 347	84.32	83.93	0.1014	
Univ: 348	94.60	77.53	0.6703	
Univ: 349	80.17	88.39	0.0007	
Univ: 350	92.61	77.86	5.6875	
Univ: 351	89.52	81.26	0.6352	
Univ: 352	102.07	81.79	1.1435	
Univ: 353	90.58	79.66	0.2372	
Univ: 354	70.24	80.04	0.6716	
Univ: 355	92.06	86.18	0.0343	
Univ: 356	85.79	76.60	4.7618	
Univ: 357	101.00	78.24	5.4689	
Univ: 358	90.00	87.44	0.0030	
Univ: 359	80.67	86.43	0.0117	
Univ: 360	76.92	83.69	0.0235	
Univ: 361	88.97	79.61	1.1331	
Univ: 362	89.30	73.70	0.9613	
Univ: 363	93.59	86.09	0.0174	
Univ: 364	94.82	90.94	0.0000	
Univ: 365	84.05	89.38	0.0001	
Univ: 366	91.07	87.33	0.0169	
Univ: 367	107.03	78.75	1.5290	
Univ: 368	88.16	78.42	0.9813	
Univ: 369	86.60	79.10	2.7365	
Univ: 370	81.99	75.74	9.0738	
Univ: 371	82.63	84.60	0.0482	
Univ: 372	94.13	85.52	0.0086	
Univ: 373	87.34	84.77	0.0240	
Univ: 374	90.96	83.19	0.0307	
Univ: 375	91.80	85.32	0.0291	
Univ: 376	83.72	83.53	0.1758	
Univ: 377	88.22	80.00	2.3611	
Univ: 378	81.73	81.95	0.3195	
Univ: 379	90.96	82.95	0.4178	
Univ: 380	83.91	79.21	3.8291	
Univ: 381	79.48	78.81	7.2453	
Univ: 382	76.73	81.40	0.0675	
Univ: 383	97.64	75.48	11.9961	
Univ: 384	84.69	81.11	1.9574	
Univ: 385	87.13	85.84	0.0026	
Univ: 386	79.29	81.34	0.4697	
Univ: 387	77.95	86.54	0.0113	
Univ: 388	80.99	80.77	0.8464	
Univ: 389	89.30	81.05	0.1145	
Univ: 390	76.22	79.05	3.0815	
Univ: 391	89.92	77.97	8.0480	
Univ: 392	87.92	88.65	0.0045	
Univ: 393	93.65	89.64	0.0063	
Univ: 394	75.23	86.24	0.0012	
Univ: 395	84.68	81.41	1.2843	
Univ: 396	95.51	86.52	0.0033	
Univ: 397	78.69	79.48	0.1930	
Univ: 398	94.38	84.17	0.1864	
Univ: 399	87.54	90.20	0.0000	
Univ: 400	90.34	80.55	0.6373	
Univ: 401	92.47	83.13	0.1288	
Univ: 402	84.18	79.05	0.2784	
Univ: 403	74.10	84.27	0.0311	
Univ: 404	91.64	83.06	0.1043	
Univ: 405	94.01	84.10	0.5650	
Univ: 406	90.42	79.24	3.2724	
Univ: 407	90.55	83.97	0.1049	
Univ: 408	87.68	82.56	0.4202	
Univ: 409	85.25	81.55	0.1785	
Univ: 410	86.07	80.56	2.0844	
Univ: 411	90.00	85.57	0.0039	
Univ: 412	87.87	86.92	0.0053	
Univ: 413	86.90	83.84	0.0264	
Univ: 414	86.73	77.07	5.8217	
Univ: 415	86.12	77.56	1.3046	
Univ: 416	87.18	84.61	0.0720	
Univ: 417	85.07	78.61	0.5362	
Univ: 418	74.35	77.81	0.1466	
Univ: 419	92.08	90.26	0.0033	
Univ: 420	86.61	89.04	0.0010	
Univ: 421	85.43	82.90	0.0019	
Univ: 422	85.58	88.19	0.0023	
Univ: 423	82.07	82.75	0.2383	
Univ: 424	79.11	86.77	0.0138	
Univ: 425	86.15	85.74	0.0124	
Univ: 426	90.63	84.49	0.1004	
Univ: 427	98.33	86.26	0.0042	
Univ: 428	93.62	75.56	8.1962	
Univ: 429	87.34	80.61	0.2314	
Univ: 430	80.49	82.59	0.1158	
Univ: 431	87.81	76.68	0.9368	
Univ: 432	74.51	82.19	0.0321	
Univ: 433	83.97	80.69	2.4206	
Univ: 434	86.07	87.84	0.0010	
Univ: 435	104.88	85.02	0.0104	
Univ: 436	98.64	80.64	0.8342	
Univ: 437	87.28	80.20	1.5669	
Univ: 438	83.19	83.01	0.0014	
Univ: 439	84.91	87.61	0.0006	
Univ: 440	78.02	88.83	0.0260	
Univ: 441	77.26	84.03	0.2629	
Univ: 442	93.06	77.92	5.9711	
Univ: 443	87.78	81.72	0.1965	
Univ: 444	83.25	82.59	0.0702	
Univ: 445	96.21	80.71	1.1415	
Univ: 446	91.21	76.80	23.9161	
Univ: 447	79.96	88.95	0.0000	
Univ: 448	88.79	76.85	13.9463	
Univ: 449	86.68	80.89	0.3023	
Univ: 450	94.10	80.06	0.4548	
Univ: 451	84.91	77.46	2.1815	
Univ: 452	82.39	81.62	0.5119	
Univ: 453	95.10	79.49	2.7943	
Univ: 454	97.81	73.56	21.1727	
Univ: 455	91.78	86.36	0.0056	
Univ: 456	85.60	84.00	0.1038	
Univ: 457	96.01	76.99	0.5594	
Univ: 458	87.35	86.56	0.0016	
Univ: 459	89.56	77.33	5.8157	
Univ: 460	77.90	70.08	0.1335	
Univ: 461	83.38	77.95	12.6646	
Univ: 462	80.73	77.34	0.8824	
Univ: 463	88.18	84.64	0.0962	
Univ: 464	87.50	84.81	0.0430	
Univ: 465	83.44	79.22	4.3050	
Univ: 466	82.87	83.24	0.0151	
Univ: 467	93.25	81.77	0.0700	
Univ: 468	83.80	87.35	0.0137	
Univ: 469	78.48	89.25	0.0001	
Univ: 470	87.52	87.84	0.0072	
Univ: 471	88.85	86.52	0.0269	
Univ: 472	76.64	85.38	0.0296	
Univ: 473	97.96	75.25	3.3365	
Univ: 474	78.53	78.85	1.4278	
Univ: 475	84.94	76.68	2.7681	
Univ: 476	87.93	80.38	1.8295	
Univ: 477	85.60	84.53	0.0737	
Univ: 478	84.10	81.45	0.5887	
Univ: 479	89.89	81.47	0.7016	
Univ: 480	76.58	84.00	0.0231	
Univ: 481	90.38	87.30	0.0007	
Univ: 482	87.30	76.44	6.6250	
Univ: 483	92.93	75.81	14.3099	
Univ: 484	92.84	85.27	0.0185	
Univ: 485	98.66	83.25	0.2753	
Univ: 486	81.39	84.73	0.3365	
Univ: 487	87.84	78.29	3.5359	
Univ: 488	80.65	83.82	0.0021	
Univ: 489	79.60	84.12	0.0742	
Univ: 490	78.78	83.38	0.0538	
Univ: 491	76.17	86.23	0.0108	
Univ: 492	80.51	84.12	0.2402	
Univ: 493	87.52	83.90	0.1317	
Univ: 494	86.30	79.35	1.3161	
Univ: 495	83.25	76.10	6.9599	
Univ: 496	76.97	87.49	0.0072	
Univ: 497	101.60	81.62	0.0922	
Univ: 498	87.49	84.49	0.0177	
Univ: 499	99.74	86.23	0.0037	
Univ: 500	96.05	83.15	0.0312	
Univ: 501	79.99	96.87	0.0000	
Univ: 502	79.89	90.13	0.0000	
Univ: 503	86.05	92.61	0.0000	
Univ: 504	82.52	85.68	0.0005	
Univ: 505	79.86	89.18	0.0000	
Univ: 506	83.82	88.97	0.0001	
Univ: 507	76.43	87.82	0.0000	
Univ: 508	81.34	100.86	0.0000	
Univ: 509	91.63	84.06	0.0001	
Univ: 510	91.12	91.84	0.0000	
Univ: 511	91.28	95.39	0.0000	
Univ: 512	84.86	90.62	0.0000	
Univ: 513	88.11	92.99	0.0000	
Univ: 514	79.28	88.84	0.0018	
Univ: 515	84.84	89.28	0.0000	
Univ: 516	82.76	87.30	0.0126	
Univ: 517	94.21	86.87	0.0067	
Univ: 518	106.39	91.25	0.0000	
Univ: 519	84.16	89.79	0.0000	
Univ: 520	85.32	92.67	0.0000	
Univ: 521	86.32	96.34	0.0000	
Univ: 522	85.23	104.82	0.0000	
Univ: 523	87.28	96.18	0.0000	
Univ: 524	81.11	95.66	0.0000	
Univ: 525	95.47	81.66	0.1034	
Univ: 526	98.17	86.98	0.0001	
Univ: 527	96.19	86.12	0.0035	
Univ: 528	73.32	85.98	0.0002	
Univ: 529	80.81	92.97	0.0000	
Univ: 530	92.62	93.00	0.0000	
Univ: 531	86.98	88.15	0.0002	
Univ: 532	81.84	92.93	0.0000	
Univ: 533	88.22	85.76	0.0011	
Univ: 534	79.61	96.00	0.0000	
Univ: 535	88.33	87.65	0.0001	
Univ: 536	88.96	85.31	0.0119	
Univ: 537	81.62	92.22	0.0003	
Univ: 538	89.03	82.17	0.0240	
Univ: 539	89.44	86.59	0.0002	
Univ: 540	93.98	82.57	0.0068	
Univ: 541	91.24	87.00	0.0000	
Univ: 542	84.63	89.00	0.0011	
Univ: 543	86.37	99.23	0.0000	
Univ: 544	74.09	90.49	0.0000	
Univ: 545	93.87	91.89	0.0000	
Univ: 546	80.24	91.73	0.0000	
Univ: 547	91.85	91.57	0.0000	
Univ: 548	80.75	103.24	0.0000	
Univ: 549	85.20	89.79	0.0000	
Univ: 550	79.15	95.19	0.0000	
Univ: 551	79.54	94.51	0.0000	
Univ: 552	88.75	87.42	0.0001	
Univ: 553	108.96	90.88	0.0000	
Univ: 554	92.00	90.96	0.0000	
Univ: 555	84.29	90.15	0.0000	
Univ: 556	67.00	90.25	0.0000	
Univ: 557	102.01	88.36	0.0001	
Univ: 558	86.07	87.12	0.0003	
Univ: 559	89.46	89.49	0.0000	
Univ: 560	79.59	93.70	0.0000	
Univ: 561	78.25	84.93	0.0115	
Univ: 562	82.48	98.90	0.0000	
Univ: 563	93.68	96.02	0.0000	
Univ: 564	80.75	91.50	0.0000	
Univ: 565	90.28	81.98	0.0692	
Univ: 566	99.80	94.38	0.0000	
Univ: 567	81.06	98.08	0.0000	
Univ: 568	90.00	94.41	0.0000	
Univ: 569	90.97	87.07	0.0000	
Univ: 570	75.68	86.27	0.0001	
Univ: 571	79.83	96.82	0.0000	
Univ: 572	83.32	92.83	0.0000	
Univ: 573	85.92	87.29	0.0003	
Univ: 574	91.40	94.73	0.0000	
Univ: 575	87.49	89.65	0.0000	
Univ: 576	89.72	91.56	0.0000	
Univ: 577	78.24	85.97	0.0006	
Univ: 578	81.86	85.97	0.0006	
Univ: 579	85.13	94.84	0.0000	
Univ: 580	88.59	91.63	0.0000	
Univ: 581	83.46	87.34	0.0000	
Univ: 582	83.65	84.92	0.0005	
Univ: 583	84.23	87.48	0.0009	
Univ: 584	89.35	89.82	0.0000	
Univ: 585	94.54	93.36	0.0000	
Univ: 586	83.59	90.20	0.0000	
Univ: 587	85.93	94.43	0.0000	
Univ: 588	86.79	90.26	0.0000	
Univ: 589	85.00	91.93	0.0000	
Univ: 590	89.92	85.42	0.0021	
Univ: 591	93.67	87.40	0.0000	
Univ: 592	98.63	90.86	0.0000	
Univ: 593	77.29	99.16	0.0000	
Univ: 594	79.07	96.53	0.0000	
Univ: 595	85.29	85.63	0.0039	
Univ: 596	99.70	104.97	0.0000	
Univ: 597	86.66	94.25	0.0000	
Univ: 598	88.96	87.07	0.0001	
Univ: 599	86.43	90.44	0.0000	
Univ: 600	93.78	86.15	0.0000	
Univ: 601	90.82	85.40	0.0055	
Univ: 602	77.20	81.98	0.0115	
Univ: 603	102.31	91.63	0.0000	
Univ: 604	95.48	98.64	0.0000	
Univ: 605	77.21	91.98	0.0000	
Univ: 606	89.46	95.50	0.0000	
Univ: 607	81.92	105.67	0.0000	
Univ: 608	82.11	91.02	0.0000	
Univ: 609	83.35	85.69	0.0002	
Univ: 610	90.23	86.17	0.0000	
Univ: 611	85.85	87.26	0.0020	
Univ: 612	86.10	88.53	0.0000	
Univ: 613	86.12	86.21	0.0011	
Univ: 614	85.18	104.44	0.0000	
Univ: 615	93.03	86.88	0.0056	
Univ: 616	88.34	97.77	0.0000	
Univ: 617	73.93	105.44	0.0000	
Univ: 618	85.60	98.61	0.0000	
Univ: 619	73.40	87.00	0.0027	
Univ: 620	95.14	90.26	0.0000	
Univ: 621	104.11	94.35	0.0000	
Univ: 622	95.31	86.93	0.0014	
Univ: 623	80.22	89.18	0.0000	
Univ: 624	91.96	86.73	0.0000	
Univ: 625	82.23	95.47	0.0000	
Univ: 626	86.88	92.49	0.0000	
Univ: 627	80.14	96.03	0.0000	
Univ: 628	85.58	91.83	0.0000	
Univ: 629	93.39	91.44	0.0000	
Univ: 630	93.99	88.97	0.0000	
Univ: 631	78.21	85.22	0.0003	
Univ: 632	80.10	81.74	0.0153	
Univ: 633	84.45	88.70	0.0005	
Univ: 634	86.77	101.27	0.0000	
Univ: 635	93.60	96.49	0.0000	
Univ: 636	78.66	92.59	0.0000	
Univ: 637	92.97	90.55	0.0000	
Univ: 638	89.09	89.20	0.0001	
Univ: 639	88.07	91.64	0.0000	
Univ: 640	78.41	97.10	0.0000	
Univ: 641	98.41	85.97	0.0010	
Univ: 642	89.91	92.38	0.0000	
Univ: 643	87.56	87.39	0.0003	
Univ: 644	93.91	92.30	0.0000	
Univ: 645	79.17	103.86	0.0000	
Univ: 646	88.92	92.12	0.0001	
Univ: 647	79.83	90.22	0.0000	
Univ: 648	86.67	91.27	0.0000	
Univ: 649	81.48	87.79	0.0015	
Univ: 650	86.51	101.05	0.0000	
Univ: 651	81.87	104.16	0.0000	
Univ: 652	81.60	88.89	0.0002	
Univ: 653	89.74	89.70	0.0000	
Univ: 654	94.13	92.79	0.0000	
Univ: 655	85.80	96.54	0.0000	
Univ: 656	82.78	89.84	0.0000	
Univ: 657	84.02	87.48	0.0000	
Univ: 658	91.33	84.56	0.0009	
Univ: 659	83.61	90.88	0.0001	
Univ: 660	82.81	84.98	0.0198	
Univ: 661	80.87	97.30	0.0000	
Univ: 662	82.53	96.84	0.0000	
Univ: 663	84.56	92.84	0.0000	
Univ: 664	85.80	88.79	0.0002	
Univ: 665	85.27	103.17	0.0000	
Univ: 666	78.76	86.84	0.0002	
Univ: 667	87.18	98.83	0.0000	
Univ: 668	82.89	100.00	0.0000	
Univ: 669	89.31	96.96	0.0000	
Univ: 670	71.40	92.91	0.0000	
Univ: 671	78.14	89.87	0.0000	
Univ: 672	74.89	86.16	0.0148	
Univ: 673	85.09	79.88	0.0680	
Univ: 674	80.72	98.77	0.0000	
Univ: 675	83.15	84.32	0.0160	
Univ: 676	80.20	94.60	0.0000	
Univ: 677	89.72	92.61	0.0000	
Univ: 678	86.73	102.07	0.0000	
Univ: 679	93.49	92.06	0.0000	
Univ: 680	84.69	85.79	0.0066	
Univ: 681	85.92	101.00	0.0000	
Univ: 682	94.58	88.97	0.0000	
Univ: 683	82.59	93.59	0.0000	
Univ: 684	94.35	94.82	0.0000	
Univ: 685	88.00	107.03	0.0000	
Univ: 686	81.01	81.99	0.0026	
Univ: 687	81.72	94.13	0.0000	
Univ: 688	81.55	90.96	0.0000	
Univ: 689	83.93	91.80	0.0000	
Univ: 690	77.53	88.22	0.0001	
Univ: 691	88.77	90.96	0.0000	
Univ: 692	88.39	83.91	0.0009	
Univ: 693	77.86	97.64	0.0000	
Univ: 694	81.26	79.29	0.1048	
Univ: 695	81.79	89.30	0.0000	
Univ: 696	91.73	89.92	0.0000	
Univ: 697	87.29	87.92	0.0001	
Univ: 698	79.66	93.65	0.0000	
Univ: 699	89.37	95.51	0.0000	
Univ: 700	80.04	94.38	0.0000	
Univ: 701	86.18	87.54	0.0004	
Univ: 702	76.60	90.34	0.0021	
Univ: 703	78.24	92.47	0.0000	
Univ: 704	87.44	91.64	0.0000	
Univ: 705	86.43	94.01	0.0000	
Univ: 706	83.69	90.42	0.0001	
Univ: 707	79.61	90.55	0.0000	
Univ: 708	88.90	87.68	0.0088	
Univ: 709	73.70	85.25	0.0013	
Univ: 710	99.84	86.07	0.0006	
Univ: 711	91.22	90.00	0.0000	
Univ: 712	87.69	86.73	0.0017	
Univ: 713	86.09	87.18	0.0013	
Univ: 714	90.94	85.07	0.0007	
Univ: 715	93.67	92.08	0.0000	
Univ: 716	89.38	85.58	0.0010	
Univ: 717	87.33	82.07	0.0123	
Univ: 718	90.82	90.63	0.0000	
Univ: 719	88.38	98.33	0.0000	
Univ: 720	87.20	93.62	0.0000	
Univ: 721	97.50	87.81	0.0003	
Univ: 722	91.84	104.88	0.0000	
Univ: 723	78.75	98.64	0.0000	
Univ: 724	78.42	87.28	0.0000	
Univ: 725	79.10	93.06	0.0000	
Univ: 726	95.19	96.21	0.0000	
Univ: 727	83.32	91.21	0.0000	
Univ: 728	75.74	86.68	0.0011	
Univ: 729	91.50	94.10	0.0000	
Univ: 730	84.60	95.10	0.0000	
Univ: 731	85.52	97.81	0.0000	
Univ: 732	84.77	96.01	0.0000	
Univ: 733	106.35	87.35	0.0054	
Univ: 734	83.19	89.56	0.0011	
Univ: 735	91.33	82.87	0.0647	
Univ: 736	89.08	93.25	0.0000	
Univ: 737	85.32	88.85	0.0000	
Univ: 738	83.53	97.96	0.0000	
Univ: 739	80.00	85.60	0.0094	
Univ: 740	85.11	84.10	0.0019	
Univ: 741	90.09	89.89	0.0000	
Univ: 742	81.95	90.38	0.0000	
Univ: 743	82.95	92.93	0.0000	
Univ: 744	98.32	92.84	0.0000	
Univ: 745	79.21	98.66	0.0000	
Univ: 746	78.81	87.84	0.0006	
Univ: 747	81.40	87.52	0.0000	
Univ: 748	75.48	101.60	0.0000	
Univ: 749	81.11	87.49	0.0000	
Univ: 750	85.84	99.74	0.0000	
Univ: 751	81.34	96.05	0.0000	
Univ: 752	86.54	82.52	0.0367	
Univ: 753	80.77	91.63	0.0000	
Univ: 754	81.05	91.12	0.0000	
Univ: 755	79.05	91.28	0.0000	
Univ: 756	77.97	88.11	0.0000	
Univ: 757	88.65	94.21	0.0000	
Univ: 758	89.64	106.39	0.0000	
Univ: 759	86.16	84.16	0.0072	
Univ: 760	98.96	87.28	0.0000	
Univ: 761	98.77	81.11	0.0043	
Univ: 762	86.24	95.47	0.0000	
Univ: 763	81.41	98.17	0.0000	
Univ: 764	90.20	96.19	0.0000	
Univ: 765	92.21	92.62	0.0000	
Univ: 766	88.14	81.84	0.0338	
Univ: 767	86.52	88.22	0.0002	
Univ: 768	79.48	88.33	0.0004	
Univ: 769	98.00	88.96	0.0000	
Univ: 770	94.00	89.03	0.0000	
Univ: 771	84.17	89.44	0.0021	
Univ: 772	85.33	93.98	0.0000	
Univ: 773	90.20	91.24	0.0000	
Univ: 774	80.55	93.87	0.0000	
Univ: 775	93.75	85.20	0.0211	
Univ: 776	85.31	108.96	0.0000	
Univ: 777	83.13	92.00	0.0000	
Univ: 778	79.05	102.01	0.0000	
Univ: 779	84.27	89.46	0.0001	
Univ: 780	94.19	93.68	0.0000	
Univ: 781	90.25	90.28	0.0001	
Univ: 782	88.54	99.80	0.0000	
Univ: 783	83.06	90.00	0.0000	
Univ: 784	80.52	90.97	0.0004	
Univ: 785	84.10	85.92	0.0001	
Univ: 786	79.24	91.40	0.0000	
Univ: 787	83.97	87.49	0.0017	
Univ: 788	82.56	89.72	0.0001	
Univ: 789	81.55	88.59	0.0036	
Univ: 790	85.98	83.46	0.0105	
Univ: 791	89.87	83.65	0.0152	
Univ: 792	88.67	84.23	0.0005	
Univ: 793	87.06	89.35	0.0000	
Univ: 794	100.44	94.54	0.0000	
Univ: 795	102.99	85.00	0.0063	
Univ: 796	80.56	89.92	0.0000	
Univ: 797	85.57	93.67	0.0000	
Univ: 798	86.92	98.63	0.0000	
Univ: 799	83.84	85.29	0.0000	
Univ: 800	86.29	99.70	0.0000	
Univ: 801	77.07	86.66	0.0003	
Univ: 802	99.57	86.43	0.0005	
Univ: 803	77.56	93.78	0.0000	
Univ: 804	104.00	90.82	0.0000	
Univ: 805	88.17	102.31	0.0000	
Univ: 806	102.30	95.48	0.0000	
Univ: 807	84.61	89.46	0.0000	
Univ: 808	83.19	82.11	0.0001	
Univ: 809	87.76	90.23	0.0000	
Univ: 810	94.99	85.85	0.0012	
Univ: 811	78.61	86.10	0.0013	
Univ: 812	91.31	85.18	0.0001	
Univ: 813	77.81	93.03	0.0000	
Univ: 814	90.26	88.34	0.0047	
Univ: 815	89.04	95.14	0.0000	
Univ: 816	91.42	104.11	0.0000	
Univ: 817	82.90	95.31	0.0000	
Univ: 818	91.19	91.96	0.0000	
Univ: 819	88.19	86.88	0.0032	
Univ: 820	86.31	93.39	0.0000	
Univ: 821	82.75	93.99	0.0000	
Univ: 822	86.77	93.60	0.0000	
Univ: 823	94.13	92.97	0.0000	
Univ: 824	81.83	98.41	0.0000	
Univ: 825	90.37	89.91	0.0000	
Univ: 826	85.74	87.56	0.0014	
Univ: 827	91.92	93.91	0.0000	
Univ: 828	84.49	86.51	0.0070	
Univ: 829	91.22	89.74	0.0000	
Univ: 830	86.26	94.13	0.0000	
Univ: 831	75.56	85.80	0.0003	
Univ: 832	90.35	87.18	0.0000	
Univ: 833	80.61	89.31	0.0000	
Univ: 834	82.59	85.09	0.0004	
Univ: 835	76.68	89.72	0.0000	
Univ: 836	82.19	93.49	0.0000	
Univ: 837	80.69	84.69	0.0230	
Univ: 838	88.62	85.92	0.0120	
Univ: 839	89.31	94.58	0.0000	
Univ: 840	87.84	94.35	0.0000	
Univ: 841	85.02	88.00	0.0011	
Univ: 842	89.46	88.77	0.0000	
Univ: 843	101.25	91.73	0.0000	
Univ: 844	91.62	87.29	0.0000	
Univ: 845	92.22	89.37	0.0001	
Univ: 846	92.79	88.90	0.0002	
Univ: 847	80.64	99.84	0.0000	
Univ: 848	89.22	91.22	0.0000	
Univ: 849	89.94	87.69	0.0006	
Univ: 850	92.39	93.67	0.0000	
Univ: 851	80.20	90.82	0.0000	
Univ: 852	90.02	88.38	0.0000	
Univ: 853	95.48	87.20	0.0057	
Univ: 854	83.01	97.50	0.0000	
Univ: 855	87.61	91.84	0.0000	
Univ: 856	88.83	95.19	0.0000	
Univ: 857	85.45	83.32	0.0146	
Univ: 858	84.03	91.50	0.0000	
Univ: 859	98.02	106.35	0.0000	
Univ: 860	100.09	91.33	0.0000	
Univ: 861	77.92	89.08	0.0001	
Univ: 862	81.72	85.11	0.0033	
Univ: 863	94.13	90.09	0.0000	
Univ: 864	82.59	98.32	0.0000	
Univ: 865	87.90	86.16	0.0024	
Univ: 866	101.45	98.96	0.0000	
Univ: 867	80.71	98.77	0.0000	
Univ: 868	76.80	90.20	0.0000	
Univ: 869	88.95	92.21	0.0000	
Univ: 870	76.85	88.14	0.0003	
Univ: 871	80.89	98.00	0.0000	
Univ: 872	86.53	94.00	0.0000	
Univ: 873	80.06	85.33	0.0002	
Univ: 874	77.46	93.75	0.0000	
Univ: 875	94.40	85.31	0.0004	
Univ: 876	89.85	94.19	0.0000	
Univ: 877	92.63	90.25	0.0000	
Univ: 878	81.62	88.54	0.0000	
Univ: 879	90.88	80.52	0.1831	
Univ: 880	87.24	85.98	0.0011	
Univ: 881	87.30	89.87	0.0000	
Univ: 882	79.49	88.67	0.0027	
Univ: 883	73.56	87.06	0.0001	
Univ: 884	100.24	100.44	0.0000	
Univ: 885	105.97	102.99	0.0000	
Univ: 886	86.36	86.29	0.0001	
Univ: 887	86.52	99.57	0.0000	
Univ: 888	84.00	104.00	0.0000	
Univ: 889	84.34	88.17	0.0000	
Univ: 890	76.99	102.30	0.0000	
Univ: 891	86.51	83.19	0.0383	
Univ: 892	94.20	87.76	0.0007	
Univ: 893	98.51	94.99	0.0000	
Univ: 894	92.91	91.31	0.0000	
Univ: 895	86.56	91.42	0.0000	
Univ: 896	77.33	91.19	0.0000	
Univ: 897	70.08	86.31	0.0002	
Univ: 898	105.34	94.13	0.0000	
Univ: 899	85.12	81.83	0.0634	
Univ: 900	97.59	90.37	0.0000	
Univ: 901	96.60	91.92	0.0003	
Univ: 902	95.61	91.22	0.0000	
Univ: 903	77.95	90.35	0.0001	
Univ: 904	94.89	88.62	0.0001	
Univ: 905	77.34	89.31	0.0002	
Univ: 906	84.64	89.46	0.0000	
Univ: 907	84.81	101.25	0.0000	
Univ: 908	79.22	91.62	0.0000	
Univ: 909	89.63	92.22	0.0000	
Univ: 910	91.88	92.79	0.0000	
Univ: 911	86.77	89.22	0.0000	
Univ: 912	85.85	89.94	0.0000	
Univ: 913	89.61	92.39	0.0000	
Univ: 914	84.77	90.02	0.0000	
Univ: 915	83.24	95.48	0.0000	
Univ: 916	100.72	85.45	0.0023	
Univ: 917	88.70	98.02	0.0000	
Univ: 918	95.37	100.09	0.0000	
Univ: 919	86.19	94.13	0.0000	
Univ: 920	81.77	87.90	0.0058	
Univ: 921	87.35	101.45	0.0000	
Univ: 922	94.82	86.53	0.0025	
Univ: 923	89.75	94.40	0.0000	
Univ: 924	89.25	89.85	0.0002	
Univ: 925	89.02	92.63	0.0000	
Univ: 926	87.84	90.88	0.0000	
Univ: 927	96.15	87.24	0.0001	
Univ: 928	86.52	87.30	0.0004	
Univ: 929	85.38	100.24	0.0000	
Univ: 930	75.25	105.97	0.0000	
Univ: 931	94.93	86.52	0.0012	
Univ: 932	111.36	84.34	0.0000	
Univ: 933	89.77	86.51	0.0009	
Univ: 934	78.85	94.20	0.0000	
Univ: 935	92.49	98.51	0.0000	
Univ: 936	84.55	92.91	0.0000	
Univ: 937	76.68	105.34	0.0000	
Univ: 938	80.38	85.12	0.0007	
Univ: 939	85.19	97.59	0.0000	
Univ: 940	97.32	96.60	0.0000	
Univ: 941	88.44	95.61	0.0000	
Univ: 942	92.68	94.89	0.0000	
Univ: 943	93.09	89.63	0.0000	
Univ: 944	100.57	91.88	0.0000	
Univ: 945	93.71	86.77	0.0001	
Univ: 946	90.43	85.85	0.0012	
Univ: 947	84.53	89.61	0.0001	
Univ: 948	82.33	84.77	0.0056	
Univ: 949	81.45	100.72	0.0000	
Univ: 950	88.78	88.70	0.0001	
Univ: 951	81.47	95.37	0.0000	
Univ: 952	90.35	86.19	0.0089	
Univ: 953	84.00	94.82	0.0000	
Univ: 954	89.30	89.75	0.0000	
Univ: 955	87.30	89.02	0.0001	
Univ: 956	76.44	96.15	0.0000	
Univ: 957	75.81	94.93	0.0000	
Univ: 958	85.27	111.36	0.0000	
Univ: 959	83.96	89.77	0.0001	
Univ: 960	87.92	92.49	0.0000	
Univ: 961	96.03	84.55	0.0143	
Univ: 962	99.22	85.19	0.0016	
Univ: 963	83.25	97.32	0.0000	
Univ: 964	105.35	88.44	0.0002	
Univ: 965	84.73	92.68	0.0000	
Univ: 966	78.29	93.09	0.0000	
Univ: 967	83.82	100.57	0.0000	
Univ: 968	84.29	93.71	0.0000	
Univ: 969	92.47	90.43	0.0000	
Univ: 970	84.12	82.33	0.0279	
Univ: 971	92.32	88.78	0.0000	
Univ: 972	92.08	90.35	0.0000	
Univ: 973	83.38	89.30	0.0000	
Univ: 974	93.20	83.96	0.0000	
Univ: 975	86.23	87.92	0.0004	
Univ: 976	92.63	96.03	0.0000	
Univ: 977	95.32	99.22	0.0000	
Univ: 978	84.12	105.35	0.0000	
Univ: 979	96.97	84.29	0.0421	
Univ: 980	106.99	92.47	0.0000	
Univ: 981	83.90	92.32	0.0000	
Univ: 982	79.35	92.08	0.0000	
Univ: 983	76.10	93.20	0.0000	
Univ: 984	87.49	92.63	0.0000	
Univ: 985	87.76	95.32	0.0000	
Univ: 986	87.92	96.97	0.0000	
Univ: 987	91.43	106.99	0.0000	
Univ: 988	81.62	87.76	0.0000	
Univ: 989	84.49	87.92	0.0000	
Univ: 990	82.99	91.43	0.0000	
Univ: 991	95.87	82.99	0.0193	
Univ: 992	88.02	95.87	0.0000	
Univ: 993	86.23	88.02	0.0000	
Univ: 994	99.24	99.24	0.0000	
Univ: 995	91.87	91.87	0.0000	
Univ: 996	99.94	99.94	0.0000	
Univ: 997	84.83	84.83	0.0062	
Univ: 998	86.63	86.63	0.0000	
Univ: 999	91.23	91.23	0.0000	
