CV:    -1	3.24	2.78	
Univ:   0	3.16	2.65	4.7996	
Univ:   1	2.65	3.36	0.4793	
Univ:   2	3.36	2.87	1.7721	
Univ:   3	3.42	3.10	0.0265	
Univ:   4	2.87	2.59	2.0172	
Univ:   5	3.33	3.03	18.2290	
Univ:   6	3.10	2.70	6.0805	
Univ:   7	3.57	3.00	0.0146	
Univ:   8	3.27	3.66	0.0004	
Univ:   9	2.59	2.95	1.7594	
Univ:  10	3.03	2.87	0.0766	
Univ:  11	3.61	3.46	0.7419	
Univ:  12	2.70	3.01	0.0040	
Univ:  13	3.41	2.68	0.9884	
Univ:  14	3.00	2.46	3.7430	
Univ:  15	3.66	2.52	2.3940	
Univ:  16	2.95	3.58	0.0000	
Univ:  17	2.87	2.74	1.1059	
Univ:  18	3.46	2.97	0.5576	
Univ:  19	3.51	3.26	0.4062	
Univ:  20	3.01	2.83	8.8922	
Univ:  21	3.85	2.63	1.5933	
Univ:  22	2.50	3.01	2.6269	
Univ:  23	3.70	3.81	0.0001	
Univ:  24	3.79	2.98	1.4874	
Univ:  25	2.68	2.82	7.7481	
Univ:  26	3.31	2.45	17.6498	
Univ:  27	3.54	3.38	0.0009	
Univ:  28	2.46	2.98	4.5745	
Univ:  29	3.41	3.76	0.0003	
Univ:  30	2.52	3.10	0.0193	
Univ:  31	3.58	3.03	0.0494	
Univ:  32	3.26	2.96	0.3966	
Univ:  33	2.74	3.22	1.6450	
Univ:  34	2.97	3.20	0.0201	
Univ:  35	3.45	3.69	0.0087	
Univ:  36	3.14	2.79	0.0244	
Univ:  37	3.68	3.07	0.0577	
Univ:  38	3.05	3.49	0.0001	
Univ:  39	3.38	3.03	0.0473	
Univ:  40	3.26	2.82	0.5808	
Univ:  41	2.83	2.79	14.5763	
Univ:  42	3.62	2.94	26.9529	
Univ:  43	2.63	3.33	0.7016	
Univ:  44	3.01	2.72	2.7736	
Univ:  45	3.93	3.28	0.0235	
Univ:  46	3.81	3.53	0.0095	
Univ:  47	3.39	3.16	0.0129	
Univ:  48	2.98	3.52	0.0008	
Univ:  49	3.57	3.83	0.0030	
Univ:  50	2.82	3.31	0.6466	
Univ:  51	2.45	3.03	0.0040	
Univ:  52	2.93	2.61	11.4931	
Univ:  53	3.14	2.67	2.6397	
Univ:  54	3.38	3.16	0.0894	
Univ:  55	2.98	3.64	0.0015	
Univ:  56	3.76	2.54	5.7128	
Univ:  57	3.10	3.44	0.0052	
Univ:  58	3.18	2.85	0.0783	
Univ:  59	3.59	3.37	0.0194	
Univ:  60	3.31	2.70	4.3324	
Univ:  61	3.28	3.12	1.0557	
Univ:  62	3.47	3.62	0.0226	
Univ:  63	3.10	3.66	0.0181	
Univ:  64	3.03	2.46	3.9175	
Univ:  65	2.96	4.09	0.0000	
Univ:  66	3.22	3.48	0.3415	
Univ:  67	3.20	3.52	0.0084	
Univ:  68	3.69	2.62	0.1674	
Univ:  69	2.79	3.34	0.0586	
Univ:  70	3.15	2.81	1.6557	
Univ:  71	3.07	3.30	0.0107	
Univ:  72	3.89	3.23	1.4372	
Univ:  73	3.49	3.92	0.0084	
Univ:  74	3.20	2.95	0.1002	
Univ:  75	3.16	3.74	0.0041	
Univ:  76	3.67	3.00	0.0228	
Univ:  77	3.03	3.04	0.0001	
Univ:  78	2.82	3.61	0.0120	
Univ:  79	2.90	3.12	0.0490	
Univ:  80	2.79	3.25	0.0345	
Univ:  81	2.94	2.40	10.2078	
Univ:  82	3.33	3.46	0.0006	
Univ:  83	2.88	3.61	0.0006	
Univ:  84	2.72	2.63	0.5262	
Univ:  85	3.00	3.31	6.2670	
Univ:  86	3.52	3.58	0.0189	
Univ:  87	3.25	3.11	2.3601	
Univ:  88	3.28	3.39	0.0079	
Univ:  89	3.83	2.36	1.9393	
Univ:  90	3.52	3.05	0.1171	
Univ:  91	3.82	2.91	4.6141	
Univ:  92	3.53	3.53	0.0016	
Univ:  93	4.08	3.62	0.0003	
Univ:  94	3.63	2.80	8.0226	
Univ:  95	3.16	3.58	0.0009	
Univ:  96	3.52	2.98	0.0862	
Univ:  97	3.96	2.93	0.1362	
Univ:  98	3.07	2.84	5.0591	
Univ:  99	3.83	3.15	0.0254	
Univ: 100	3.31	3.17	0.0020	
Univ: 101	3.86	2.74	2.7334	
Univ: 102	3.73	3.22	0.1932	
Univ: 103	3.40	3.08	0.0646	
Univ: 104	3.20	2.85	6.9364	
Univ: 105	3.26	2.72	22.2632	
Univ: 106	3.50	3.19	0.3077	
Univ: 107	3.03	3.36	0.2392	
Univ: 108	2.61	3.28	0.7333	
Univ: 109	2.67	3.58	0.0140	
Univ: 110	3.16	3.39	0.0016	
Univ: 111	3.64	3.19	2.5337	
Univ: 112	2.54	3.47	0.0015	
Univ: 113	3.19	2.84	0.0187	
Univ: 114	3.44	3.19	0.0056	
Univ: 115	3.82	3.41	0.0069	
Univ: 116	3.17	3.38	0.0106	
Univ: 117	3.51	3.18	0.0397	
Univ: 118	3.02	3.49	0.0440	
Univ: 119	3.03	2.89	2.1269	
Univ: 120	3.91	3.27	0.0488	
Univ: 121	4.09	3.64	0.0000	
Univ: 122	2.85	3.26	0.2953	
Univ: 123	3.37	2.90	0.2646	
Univ: 124	2.70	3.61	0.0061	
Univ: 125	3.12	3.55	0.0005	
Univ: 126	3.81	3.14	0.9268	
Univ: 127	2.57	3.19	6.5918	
Univ: 128	3.62	2.76	2.5873	
Univ: 129	3.40	2.88	6.4736	
Univ: 130	3.83	2.92	13.3334	
Univ: 131	3.61	2.98	5.9443	
Univ: 132	3.14	3.41	0.0003	
Univ: 133	2.85	3.16	0.0893	
Univ: 134	3.66	3.40	0.0272	
Univ: 135	4.25	2.93	1.2869	
Univ: 136	2.46	3.08	0.2487	
Univ: 137	3.48	3.75	0.0007	
Univ: 138	3.15	3.03	4.9736	
Univ: 139	4.09	3.55	0.0012	
Univ: 140	3.48	3.52	0.0367	
Univ: 141	3.52	3.16	0.2020	
Univ: 142	2.62	3.19	0.0157	
Univ: 143	3.34	3.63	0.0000	
Univ: 144	3.67	3.42	0.0557	
Univ: 145	2.81	3.66	0.0159	
Univ: 146	3.31	3.20	0.4268	
Univ: 147	3.30	2.93	1.3398	
Univ: 148	3.32	2.77	30.7099	
Univ: 149	3.23	3.01	6.3116	
Univ: 150	3.06	2.92	0.4250	
Univ: 151	3.92	3.46	0.0693	
Univ: 152	2.95	3.18	0.0024	
Univ: 153	3.13	2.69	1.5828	
Univ: 154	3.74	3.40	0.0046	
Univ: 155	3.55	2.68	2.2674	
Univ: 156	3.00	3.29	0.0554	
Univ: 157	3.51	3.01	0.1773	
Univ: 158	2.91	3.19	3.4980	
Univ: 159	2.98	2.60	12.5155	
Univ: 160	2.95	2.64	6.1035	
Univ: 161	3.04	2.94	0.8375	
Univ: 162	3.41	3.02	1.8636	
Univ: 163	3.61	3.21	0.0003	
Univ: 164	3.12	3.13	0.3594	
Univ: 165	3.25	3.54	0.0058	
Univ: 166	2.40	3.58	0.0004	
Univ: 167	3.46	3.13	0.0210	
Univ: 168	3.46	3.00	0.0334	
Univ: 169	3.61	3.18	0.0530	
Univ: 170	2.63	3.57	0.0005	
Univ: 171	3.31	2.92	1.8832	
Univ: 172	3.15	2.91	0.2410	
Univ: 173	3.94	3.29	0.0001	
Univ: 174	3.67	3.62	0.0002	
Univ: 175	3.90	2.16	1.8549	
Univ: 176	3.58	3.49	0.0001	
Univ: 177	3.11	3.03	0.5346	
Univ: 178	3.39	2.72	14.8848	
Univ: 179	2.36	4.02	0.0150	
Univ: 180	3.32	3.15	0.0429	
Univ: 181	3.56	3.48	0.0003	
Univ: 182	3.05	3.30	0.0023	
Univ: 183	3.19	3.59	0.0755	
Univ: 184	2.91	3.17	0.0592	
Univ: 185	3.53	3.60	0.0012	
Univ: 186	3.64	3.18	0.0348	
Univ: 187	3.74	3.34	0.1146	
Univ: 188	3.25	2.55	1.1583	
Univ: 189	4.17	3.05	9.6988	
Univ: 190	3.62	3.19	0.0561	
Univ: 191	2.80	3.06	0.0006	
Univ: 192	3.34	2.79	3.9773	
Univ: 193	3.71	3.30	0.1298	
Univ: 194	3.58	2.66	5.8177	
Univ: 195	3.35	2.74	7.6397	
Univ: 196	3.05	3.14	0.0286	
Univ: 197	3.17	2.97	0.5847	
Univ: 198	2.98	3.56	0.2290	
Univ: 199	2.75	2.89	21.0149	
Univ: 200	2.93	3.92	0.0015	
Univ: 201	2.84	3.41	0.0048	
Univ: 202	3.30	3.50	0.0749	
Univ: 203	3.15	2.87	14.6963	
Univ: 204	3.63	3.35	0.0003	
Univ: 205	3.17	3.11	0.0208	
Univ: 206	2.74	2.74	5.7900	
Univ: 207	3.55	2.93	0.0095	
Univ: 208	3.22	3.21	0.0022	
Univ: 209	4.11	3.06	0.2263	
Univ: 210	4.01	2.60	1.2614	
Univ: 211	3.08	3.09	0.0861	
Univ: 212	3.83	3.23	0.5203	
Univ: 213	3.36	3.26	0.3046	
Univ: 214	2.85	3.34	0.0161	
Univ: 215	3.22	2.75	14.7436	
Univ: 216	2.72	2.71	2.2251	
Univ: 217	3.19	3.11	0.0002	
Univ: 218	3.36	3.02	0.0075	
Univ: 219	3.09	3.23	0.3756	
Univ: 220	3.64	3.41	0.0001	
Univ: 221	3.36	3.09	0.0126	
Univ: 222	3.28	3.48	0.1208	
Univ: 223	3.58	4.18	0.0000	
Univ: 224	3.72	3.05	0.2889	
Univ: 225	3.36	2.79	1.2883	
Univ: 226	4.03	3.01	0.0537	
Univ: 227	3.39	3.29	0.8044	
Univ: 228	3.19	3.42	0.0001	
Univ: 229	3.95	3.56	0.0262	
Univ: 230	3.47	3.17	0.2674	
Univ: 231	2.84	3.35	0.4516	
Univ: 232	3.69	3.03	2.0138	
Univ: 233	3.19	3.47	0.0013	
Univ: 234	3.37	3.05	10.6045	
Univ: 235	3.80	2.78	4.4163	
Univ: 236	3.51	3.22	0.1870	
Univ: 237	3.11	3.80	0.0014	
Univ: 238	3.41	2.92	2.9187	
Univ: 239	3.44	3.14	0.0151	
Univ: 240	2.96	2.95	0.3601	
Univ: 241	3.40	2.91	1.6980	
Univ: 242	3.09	2.78	11.2155	
Univ: 243	3.38	2.77	5.9503	
Univ: 244	3.18	2.59	9.6685	
Univ: 245	3.49	2.66	1.1760	
Univ: 246	2.89	3.76	0.0013	
Univ: 247	3.27	3.12	0.2226	
Univ: 248	3.64	2.76	5.2150	
Univ: 249	3.88	2.97	4.4342	
Univ: 250	3.42	2.65	0.7946	
Univ: 251	3.50	3.43	0.0585	
Univ: 252	3.26	2.80	6.2176	
Univ: 253	2.90	3.25	0.1765	
Univ: 254	3.61	2.93	6.3874	
Univ: 255	3.16	2.97	0.4716	
Univ: 256	3.18	3.35	0.0414	
Univ: 257	2.99	3.45	0.1362	
Univ: 258	3.28	3.13	0.0151	
Univ: 259	3.55	2.92	0.0202	
Univ: 260	3.89	3.43	0.0034	
Univ: 261	3.14	3.34	0.0074	
Univ: 262	3.19	3.30	0.0028	
Univ: 263	3.91	2.83	14.7964	
Univ: 264	2.76	3.00	0.0607	
Univ: 265	3.26	4.09	0.0215	
Univ: 266	2.88	3.05	6.8750	
Univ: 267	2.92	3.31	1.6141	
Univ: 268	2.98	3.56	0.0536	
Univ: 269	3.23	3.55	0.0009	
Univ: 270	3.36	2.59	17.6768	
Univ: 271	3.67	2.77	0.7679	
Univ: 272	3.89	3.76	0.0000	
Univ: 273	3.41	2.89	2.1786	
Univ: 274	3.16	3.06	0.0592	
Univ: 275	3.03	2.75	4.0765	
Univ: 276	2.97	3.59	0.0000	
Univ: 277	3.08	3.63	0.0674	
Univ: 278	3.40	2.27	2.0462	
Univ: 279	3.52	3.84	0.0007	
Univ: 280	4.15	2.66	0.9124	
Univ: 281	3.57	3.01	11.1783	
Univ: 282	3.22	3.53	0.3769	
Univ: 283	2.93	2.76	0.7524	
Univ: 284	3.08	3.24	1.1459	
Univ: 285	3.75	2.72	0.4202	
Univ: 286	3.27	3.54	0.3485	
Univ: 287	3.03	3.25	8.6603	
Univ: 288	3.28	3.04	0.2390	
Univ: 289	4.14	3.29	3.0062	
Univ: 290	3.55	3.34	0.0157	
Univ: 291	3.52	3.05	0.0417	
Univ: 292	3.93	3.47	0.0059	
Univ: 293	3.40	3.61	0.0007	
Univ: 294	3.16	2.89	0.4264	
Univ: 295	3.46	3.05	2.0081	
Univ: 296	3.54	3.68	0.0023	
Univ: 297	3.19	2.81	16.8349	
Univ: 298	3.78	2.46	4.0699	
Univ: 299	3.63	2.75	0.3898	
Univ: 300	3.40	3.12	0.0543	
Univ: 301	3.65	3.09	0.0024	
Univ: 302	3.42	3.12	0.0122	
Univ: 303	3.66	3.23	0.0042	
Univ: 304	3.20	2.70	3.2037	
Univ: 305	2.93	3.04	0.0186	
Univ: 306	2.77	3.11	0.6695	
Univ: 307	3.01	3.12	0.8105	
Univ: 308	2.92	3.04	0.2080	
Univ: 309	3.46	3.37	1.5607	
Univ: 310	2.82	3.21	7.1465	
Univ: 311	3.20	2.93	0.0209	
Univ: 312	3.18	3.18	0.0804	
Univ: 313	2.69	3.21	4.3513	
Univ: 314	3.06	3.50	0.0067	
Univ: 315	4.26	3.28	0.0063	
Univ: 316	3.52	3.05	1.6807	
Univ: 317	3.40	3.02	0.2922	
Univ: 318	2.68	3.64	0.0008	
Univ: 319	3.29	2.78	13.8434	
Univ: 320	3.01	3.54	0.1130	
Univ: 321	3.19	2.90	0.2586	
Univ: 322	2.60	3.02	1.1302	
Univ: 323	3.48	3.16	0.9110	
Univ: 324	2.64	3.05	0.1457	
Univ: 325	3.80	3.36	0.0327	
Univ: 326	2.94	3.83	0.0002	
Univ: 327	4.13	3.27	0.0201	
Univ: 328	3.05	3.15	0.8027	
Univ: 329	3.02	3.48	0.4880	
Univ: 330	3.21	3.26	0.1981	
Univ: 331	3.13	3.54	0.0477	
Univ: 332	3.92	3.48	0.0125	
Univ: 333	4.42	3.09	0.2264	
Univ: 334	3.79	3.18	13.6813	
Univ: 335	3.34	3.02	0.0244	
Univ: 336	3.54	2.97	0.0887	
Univ: 337	3.58	2.81	16.7803	
Univ: 338	3.13	2.69	22.4286	
Univ: 339	3.22	3.11	0.1759	
Univ: 340	3.00	3.33	0.8105	
Univ: 341	2.90	2.91	0.4612	
Univ: 342	3.18	3.49	0.0024	
Univ: 343	3.57	2.96	0.0735	
Univ: 344	2.62	2.92	2.7639	
Univ: 345	2.92	2.92	0.5048	
Univ: 346	4.13	2.91	0.1904	
Univ: 347	3.29	3.02	0.1014	
Univ: 348	3.85	3.07	0.6703	
Univ: 349	2.91	3.83	0.0007	
Univ: 350	3.19	2.90	5.6875	
Univ: 351	3.29	3.00	0.6352	
Univ: 352	4.42	3.34	1.1435	
Univ: 353	3.62	3.04	0.2372	
Univ: 354	2.16	2.97	0.6716	
Univ: 355	3.63	3.42	0.0343	
Univ: 356	3.01	2.68	4.7618	
Univ: 357	4.23	3.24	5.4689	
Univ: 358	3.49	3.85	0.0030	
Univ: 359	3.03	3.20	0.0117	
Univ: 360	2.72	2.83	0.0235	
Univ: 361	3.67	2.83	1.1331	
Univ: 362	4.02	2.87	0.9613	
Univ: 363	3.81	3.32	0.0174	
Univ: 364	3.23	3.93	0.0000	
Univ: 365	3.15	3.64	0.0001	
Univ: 366	3.48	3.33	0.0169	
Univ: 367	4.07	2.77	1.5290	
Univ: 368	3.30	3.11	0.9813	
Univ: 369	3.59	2.80	2.7365	
Univ: 370	2.61	2.88	9.0738	
Univ: 371	3.17	3.38	0.0482	
Univ: 372	3.58	3.18	0.0086	
Univ: 373	3.60	3.00	0.0240	
Univ: 374	3.11	3.14	0.0307	
Univ: 375	3.34	3.18	0.0291	
Univ: 376	3.18	3.15	0.1758	
Univ: 377	3.26	3.16	2.3611	
Univ: 378	3.34	3.08	0.3195	
Univ: 379	3.60	3.37	0.4178	
Univ: 380	3.28	3.08	3.8291	
Univ: 381	2.55	2.73	7.2453	
Univ: 382	3.05	2.78	0.0675	
Univ: 383	3.79	2.71	11.9961	
Univ: 384	3.19	3.02	1.9574	
Univ: 385	3.06	3.42	0.0026	
Univ: 386	2.47	2.96	0.4697	
Univ: 387	2.79	3.47	0.0113	
Univ: 388	3.30	3.13	0.8464	
Univ: 389	3.07	3.18	0.1145	
Univ: 390	2.66	2.98	3.0815	
Univ: 391	3.71	3.02	8.0480	
Univ: 392	3.35	3.28	0.0045	
Univ: 393	3.70	3.72	0.0063	
Univ: 394	2.74	3.52	0.0012	
Univ: 395	3.14	3.35	1.2843	
Univ: 396	3.76	3.49	0.0033	
Univ: 397	2.97	2.62	0.1930	
Univ: 398	3.53	3.04	0.1864	
Univ: 399	3.23	3.65	0.0000	
Univ: 400	3.34	3.00	0.6373	
Univ: 401	3.35	3.00	0.1288	
Univ: 402	3.56	3.04	0.2784	
Univ: 403	2.89	2.87	0.0311	
Univ: 404	3.30	3.24	0.1043	
Univ: 405	3.38	3.30	0.5650	
Univ: 406	3.30	2.71	3.2724	
Univ: 407	3.70	3.13	0.1049	
Univ: 408	3.22	2.72	0.4202	
Univ: 409	3.17	2.84	0.1785	
Univ: 410	2.96	2.80	2.0844	
Univ: 411	3.31	3.12	0.0039	
Univ: 412	3.92	3.14	0.0053	
Univ: 413	3.41	3.37	0.0264	
Univ: 414	3.72	2.68	5.8217	
Univ: 415	3.50	2.73	1.3046	
Univ: 416	3.47	3.51	0.0720	
Univ: 417	3.10	2.47	0.5362	
Univ: 418	2.87	2.99	0.1466	
Univ: 419	3.88	3.33	0.0033	
Univ: 420	3.35	3.53	0.0010	
Univ: 421	3.11	3.13	0.0019	
Univ: 422	3.53	3.53	0.0023	
Univ: 423	2.61	3.26	0.2383	
Univ: 424	2.74	3.18	0.0138	
Univ: 425	2.93	3.66	0.0124	
Univ: 426	3.43	3.14	0.1004	
Univ: 427	3.72	3.35	0.0042	
Univ: 428	3.59	2.54	8.1962	
Univ: 429	3.21	3.04	0.2314	
Univ: 430	3.06	2.85	0.1158	
Univ: 431	3.40	2.71	0.9368	
Univ: 432	2.60	3.09	0.0321	
Univ: 433	3.09	3.13	2.4206	
Univ: 434	3.23	3.58	0.0010	
Univ: 435	4.36	3.33	0.0104	
Univ: 436	3.68	3.18	0.8342	
Univ: 437	3.23	2.84	1.5669	
Univ: 438	3.26	3.06	0.0014	
Univ: 439	3.34	3.55	0.0006	
Univ: 440	2.75	3.64	0.0260	
Univ: 441	2.71	3.02	0.2629	
Univ: 442	3.74	2.49	5.9711	
Univ: 443	3.11	3.17	0.1965	
Univ: 444	3.02	3.02	0.0702	
Univ: 445	3.95	3.02	1.1415	
Univ: 446	3.31	2.61	23.9161	
Univ: 447	3.23	3.64	0.0000	
Univ: 448	3.41	3.09	13.9463	
Univ: 449	3.07	3.32	0.3023	
Univ: 450	3.88	2.88	0.4548	
Univ: 451	3.09	2.76	2.1815	
Univ: 452	3.48	2.97	0.5119	
Univ: 453	3.74	3.20	2.7943	
Univ: 454	3.95	2.42	21.1727	
Univ: 455	4.18	3.69	0.0056	
Univ: 456	3.05	3.42	0.1038	
Univ: 457	4.00	2.65	0.5594	
Univ: 458	3.39	3.13	0.0016	
Univ: 459	3.28	2.52	5.8157	
Univ: 460	2.79	2.55	0.1335	
Univ: 461	3.01	2.77	12.6646	
Univ: 462	3.29	2.97	0.8824	
Univ: 463	3.42	3.35	0.0962	
Univ: 464	3.56	3.26	0.0430	
Univ: 465	3.17	3.07	4.3050	
Univ: 466	3.23	3.15	0.0151	
Univ: 467	3.43	3.13	0.0700	
Univ: 468	3.35	3.29	0.0137	
Univ: 469	3.03	3.63	0.0001	
Univ: 470	3.47	3.65	0.0072	
Univ: 471	3.22	2.96	0.0269	
Univ: 472	3.05	3.25	0.0296	
Univ: 473	3.63	2.57	3.3365	
Univ: 474	2.78	3.22	1.4278	
Univ: 475	3.22	3.07	2.7681	
Univ: 476	3.80	2.84	1.8295	
Univ: 477	3.31	2.90	0.0737	
Univ: 478	3.08	3.19	0.5887	
Univ: 479	3.10	3.27	0.7016	
Univ: 480	2.92	3.57	0.0231	
Univ: 481	3.08	3.72	0.0007	
Univ: 482	3.14	2.80	6.6250	
Univ: 483	3.20	2.76	14.3099	
Univ: 484	3.31	3.04	0.0185	
Univ: 485	4.17	3.38	0.2753	
Univ: 486	2.95	3.22	0.3365	
Univ: 487	3.11	2.57	3.5359	
Univ: 488	2.91	3.70	0.0021	
Univ: 489	2.78	3.61	0.0742	
Univ: 490	2.77	3.39	0.0538	
Univ: 491	2.59	3.49	0.0108	
Univ: 492	2.66	2.97	0.2402	
Univ: 493	3.16	3.17	0.1317	
Univ: 494	3.76	2.95	1.3161	
Univ: 495	3.12	2.31	6.9599	
Univ: 496	2.76	3.50	0.0072	
Univ: 497	3.82	2.83	0.0922	
Univ: 498	3.10	3.06	0.0177	
Univ: 499	3.97	3.30	0.0037	
Univ: 500	3.88	3.16	0.0312	
Univ: 501	2.97	3.42	0.0000	
Univ: 502	2.65	3.33	0.0000	
Univ: 503	3.43	3.57	0.0000	
Univ: 504	3.12	3.27	0.0005	
Univ: 505	2.80	3.61	0.0000	
Univ: 506	3.25	3.41	0.0001	
Univ: 507	2.93	3.51	0.0000	
Univ: 508	2.97	3.85	0.0000	
Univ: 509	3.75	2.50	0.0001	
Univ: 510	3.50	3.70	0.0000	
Univ: 511	3.47	3.79	0.0000	
Univ: 512	3.35	3.31	0.0000	
Univ: 513	3.10	3.54	0.0000	
Univ: 514	3.45	3.41	0.0018	
Univ: 515	3.13	3.26	0.0000	
Univ: 516	2.92	3.45	0.0126	
Univ: 517	3.41	3.14	0.0067	
Univ: 518	4.47	3.68	0.0000	
Univ: 519	3.01	3.05	0.0000	
Univ: 520	3.43	3.38	0.0000	
Univ: 521	3.34	3.62	0.0000	
Univ: 522	3.30	3.93	0.0000	
Univ: 523	3.37	3.39	0.0000	
Univ: 524	3.04	3.57	0.0000	
Univ: 525	3.94	2.93	0.1034	
Univ: 526	3.74	3.14	0.0001	
Univ: 527	3.63	3.10	0.0035	
Univ: 528	2.83	3.18	0.0002	
Univ: 529	3.00	3.59	0.0000	
Univ: 530	4.19	3.31	0.0000	
Univ: 531	4.09	3.28	0.0002	
Univ: 532	2.82	3.47	0.0000	
Univ: 533	3.47	3.15	0.0011	
Univ: 534	3.05	3.89	0.0000	
Univ: 535	3.20	3.20	0.0001	
Univ: 536	3.37	3.16	0.0119	
Univ: 537	3.31	3.67	0.0003	
Univ: 538	2.95	2.90	0.0240	
Univ: 539	3.18	2.88	0.0002	
Univ: 540	3.74	3.00	0.0068	
Univ: 541	3.79	3.52	0.0000	
Univ: 542	3.56	3.25	0.0011	
Univ: 543	3.55	3.83	0.0000	
Univ: 544	2.59	3.52	0.0000	
Univ: 545	3.75	3.82	0.0000	
Univ: 546	2.77	4.08	0.0000	
Univ: 547	3.76	3.63	0.0000	
Univ: 548	2.89	3.96	0.0000	
Univ: 549	3.46	3.07	0.0000	
Univ: 550	3.06	3.86	0.0000	
Univ: 551	2.75	3.73	0.0000	
Univ: 552	3.59	3.40	0.0001	
Univ: 553	4.59	3.20	0.0000	
Univ: 554	3.35	3.26	0.0000	
Univ: 555	3.63	3.50	0.0000	
Univ: 556	2.27	3.19	0.0000	
Univ: 557	4.02	3.82	0.0001	
Univ: 558	3.84	3.17	0.0003	
Univ: 559	3.80	3.51	0.0000	
Univ: 560	2.66	3.02	0.0000	
Univ: 561	3.01	3.03	0.0115	
Univ: 562	3.53	3.91	0.0000	
Univ: 563	3.77	4.09	0.0000	
Univ: 564	2.76	3.81	0.0000	
Univ: 565	2.81	2.57	0.0692	
Univ: 566	3.81	3.40	0.0000	
Univ: 567	3.24	3.83	0.0000	
Univ: 568	3.18	3.61	0.0000	
Univ: 569	3.45	3.14	0.0000	
Univ: 570	2.72	2.85	0.0001	
Univ: 571	3.54	4.25	0.0000	
Univ: 572	3.25	3.48	0.0000	
Univ: 573	2.92	3.15	0.0003	
Univ: 574	3.29	3.67	0.0000	
Univ: 575	3.06	3.31	0.0000	
Univ: 576	3.62	3.32	0.0000	
Univ: 577	3.04	3.06	0.0006	
Univ: 578	3.29	3.13	0.0006	
Univ: 579	3.34	3.55	0.0000	
Univ: 580	3.79	3.51	0.0000	
Univ: 581	3.03	2.91	0.0000	
Univ: 582	2.85	2.98	0.0005	
Univ: 583	3.07	2.95	0.0009	
Univ: 584	3.16	3.41	0.0000	
Univ: 585	3.80	3.46	0.0000	
Univ: 586	3.05	3.15	0.0000	
Univ: 587	3.47	3.94	0.0000	
Univ: 588	3.61	3.67	0.0000	
Univ: 589	2.57	3.90	0.0000	
Univ: 590	3.58	3.32	0.0021	
Univ: 591	3.38	3.56	0.0000	
Univ: 592	4.16	3.19	0.0000	
Univ: 593	2.89	3.64	0.0000	
Univ: 594	3.05	3.74	0.0000	
Univ: 595	2.99	3.25	0.0039	
Univ: 596	4.04	4.17	0.0000	
Univ: 597	3.32	3.34	0.0000	
Univ: 598	3.68	3.71	0.0001	
Univ: 599	3.25	3.35	0.0000	
Univ: 600	3.86	3.05	0.0000	
Univ: 601	3.93	3.17	0.0055	
Univ: 602	2.81	2.75	0.0115	
Univ: 603	3.94	3.30	0.0000	
Univ: 604	4.40	3.63	0.0000	
Univ: 605	2.46	3.55	0.0000	
Univ: 606	3.35	4.11	0.0000	
Univ: 607	2.75	4.01	0.0000	
Univ: 608	3.16	3.83	0.0000	
Univ: 609	3.12	3.36	0.0002	
Univ: 610	3.64	3.22	0.0000	
Univ: 611	2.97	3.09	0.0020	
Univ: 612	3.19	3.64	0.0000	
Univ: 613	3.09	3.36	0.0011	
Univ: 614	3.03	3.72	0.0000	
Univ: 615	3.51	3.36	0.0056	
Univ: 616	3.54	4.03	0.0000	
Univ: 617	3.12	3.95	0.0000	
Univ: 618	3.23	3.69	0.0000	
Univ: 619	2.70	3.37	0.0027	
Univ: 620	3.58	3.80	0.0000	
Univ: 621	4.25	3.51	0.0000	
Univ: 622	3.41	3.11	0.0014	
Univ: 623	3.04	3.44	0.0000	
Univ: 624	3.21	2.96	0.0000	
Univ: 625	3.11	3.40	0.0000	
Univ: 626	3.00	3.09	0.0000	
Univ: 627	3.12	3.88	0.0000	
Univ: 628	3.04	3.42	0.0000	
Univ: 629	3.00	3.50	0.0000	
Univ: 630	3.45	3.16	0.0000	
Univ: 631	3.37	3.18	0.0003	
Univ: 632	3.21	2.99	0.0153	
Univ: 633	2.93	3.28	0.0005	
Univ: 634	3.18	3.89	0.0000	
Univ: 635	3.98	3.91	0.0000	
Univ: 636	3.21	3.26	0.0000	
Univ: 637	3.64	3.23	0.0000	
Univ: 638	3.50	3.36	0.0001	
Univ: 639	3.28	3.67	0.0000	
Univ: 640	3.05	3.89	0.0000	
Univ: 641	3.80	3.03	0.0010	
Univ: 642	3.06	2.97	0.0000	
Univ: 643	3.42	3.08	0.0003	
Univ: 644	3.02	3.52	0.0000	
Univ: 645	3.02	4.15	0.0000	
Univ: 646	3.64	3.57	0.0001	
Univ: 647	2.78	3.22	0.0000	
Univ: 648	3.54	3.27	0.0000	
Univ: 649	2.90	3.28	0.0015	
Univ: 650	3.23	4.14	0.0000	
Univ: 651	3.02	3.93	0.0000	
Univ: 652	3.16	3.40	0.0002	
Univ: 653	2.74	3.46	0.0000	
Univ: 654	4.04	3.54	0.0000	
Univ: 655	3.12	3.78	0.0000	
Univ: 656	3.05	3.40	0.0000	
Univ: 657	3.36	3.65	0.0000	
Univ: 658	3.83	2.82	0.0009	
Univ: 659	3.27	3.20	0.0001	
Univ: 660	3.15	3.06	0.0198	
Univ: 661	3.48	4.26	0.0000	
Univ: 662	3.26	3.52	0.0000	
Univ: 663	3.54	3.48	0.0000	
Univ: 664	3.48	3.80	0.0002	
Univ: 665	3.09	4.13	0.0000	
Univ: 666	3.18	3.05	0.0002	
Univ: 667	2.95	3.92	0.0000	
Univ: 668	3.02	4.42	0.0000	
Univ: 669	3.56	3.79	0.0000	
Univ: 670	2.97	3.34	0.0000	
Univ: 671	2.81	3.22	0.0000	
Univ: 672	2.69	2.90	0.0148	
Univ: 673	2.93	2.62	0.0680	
Univ: 674	3.11	4.13	0.0000	
Univ: 675	3.33	3.29	0.0160	
Univ: 676	2.91	3.85	0.0000	
Univ: 677	3.35	3.19	0.0000	
Univ: 678	3.49	4.42	0.0000	
Univ: 679	3.47	3.63	0.0000	
Univ: 680	2.91	3.01	0.0066	
Univ: 681	3.21	4.23	0.0000	
Univ: 682	3.40	3.67	0.0000	
Univ: 683	2.96	3.81	0.0000	
Univ: 684	3.60	3.23	0.0000	
Univ: 685	3.33	4.07	0.0000	
Univ: 686	2.92	2.61	0.0026	
Univ: 687	2.92	3.58	0.0000	
Univ: 688	2.91	3.11	0.0000	
Univ: 689	3.02	3.34	0.0000	
Univ: 690	3.07	3.26	0.0001	
Univ: 691	3.22	3.60	0.0000	
Univ: 692	3.83	3.28	0.0009	
Univ: 693	2.90	3.79	0.0000	
Univ: 694	3.00	2.47	0.1048	
Univ: 695	3.34	3.07	0.0000	
Univ: 696	3.44	3.71	0.0000	
Univ: 697	3.17	3.35	0.0001	
Univ: 698	3.04	3.70	0.0000	
Univ: 699	3.06	3.76	0.0000	
Univ: 700	2.97	3.53	0.0000	
Univ: 701	3.42	3.23	0.0004	
Univ: 702	2.68	3.34	0.0021	
Univ: 703	3.24	3.35	0.0000	
Univ: 704	3.85	3.30	0.0000	
Univ: 705	3.20	3.38	0.0000	
Univ: 706	2.83	3.30	0.0001	
Univ: 707	2.83	3.70	0.0000	
Univ: 708	3.23	3.22	0.0088	
Univ: 709	2.87	3.17	0.0013	
Univ: 710	4.11	2.96	0.0006	
Univ: 711	3.07	3.31	0.0000	
Univ: 712	3.02	3.72	0.0017	
Univ: 713	3.32	3.47	0.0013	
Univ: 714	3.93	3.10	0.0007	
Univ: 715	3.36	3.88	0.0000	
Univ: 716	3.64	3.53	0.0010	
Univ: 717	3.33	2.61	0.0123	
Univ: 718	3.77	3.43	0.0000	
Univ: 719	3.31	3.72	0.0000	
Univ: 720	2.98	3.59	0.0000	
Univ: 721	3.95	3.40	0.0003	
Univ: 722	3.64	4.36	0.0000	
Univ: 723	2.77	3.68	0.0000	
Univ: 724	3.11	3.23	0.0000	
Univ: 725	2.80	3.74	0.0000	
Univ: 726	3.82	3.95	0.0000	
Univ: 727	2.86	3.31	0.0000	
Univ: 728	2.88	3.07	0.0011	
Univ: 729	2.99	3.88	0.0000	
Univ: 730	3.38	3.74	0.0000	
Univ: 731	3.18	3.95	0.0000	
Univ: 732	3.00	4.00	0.0000	
Univ: 733	4.22	3.39	0.0054	
Univ: 734	3.14	3.28	0.0011	
Univ: 735	3.79	3.23	0.0647	
Univ: 736	3.27	3.43	0.0000	
Univ: 737	3.18	3.22	0.0000	
Univ: 738	3.15	3.63	0.0000	
Univ: 739	3.16	3.31	0.0094	
Univ: 740	3.17	3.08	0.0019	
Univ: 741	3.61	3.10	0.0000	
Univ: 742	3.08	3.08	0.0000	
Univ: 743	3.37	3.20	0.0000	
Univ: 744	4.34	3.31	0.0000	
Univ: 745	3.08	4.17	0.0000	
Univ: 746	2.73	3.11	0.0006	
Univ: 747	2.78	3.16	0.0000	
Univ: 748	2.71	3.82	0.0000	
Univ: 749	3.02	3.10	0.0000	
Univ: 750	3.42	3.97	0.0000	
Univ: 751	2.96	3.88	0.0000	
Univ: 752	3.47	3.12	0.0367	
Univ: 753	3.13	3.75	0.0000	
Univ: 754	3.18	3.50	0.0000	
Univ: 755	2.98	3.47	0.0000	
Univ: 756	3.02	3.10	0.0000	
Univ: 757	3.28	3.41	0.0000	
Univ: 758	3.72	4.47	0.0000	
Univ: 759	2.82	3.01	0.0072	
Univ: 760	4.40	3.37	0.0000	
Univ: 761	3.95	3.04	0.0043	
Univ: 762	3.52	3.94	0.0000	
Univ: 763	3.35	3.74	0.0000	
Univ: 764	3.51	3.63	0.0000	
Univ: 765	3.55	4.19	0.0000	
Univ: 766	3.59	2.82	0.0338	
Univ: 767	3.49	3.47	0.0002	
Univ: 768	2.62	3.20	0.0004	
Univ: 769	3.95	3.37	0.0000	
Univ: 770	3.56	2.95	0.0000	
Univ: 771	3.04	3.18	0.0021	
Univ: 772	3.00	3.74	0.0000	
Univ: 773	3.65	3.79	0.0000	
Univ: 774	3.00	3.75	0.0000	
Univ: 775	3.63	3.46	0.0211	
Univ: 776	3.12	4.59	0.0000	
Univ: 777	3.00	3.35	0.0000	
Univ: 778	3.04	4.02	0.0000	
Univ: 779	2.87	3.80	0.0001	
Univ: 780	3.70	3.77	0.0000	
Univ: 781	3.33	2.81	0.0001	
Univ: 782	2.68	3.81	0.0000	
Univ: 783	3.24	3.18	0.0000	
Univ: 784	2.69	3.45	0.0004	
Univ: 785	3.30	2.92	0.0001	
Univ: 786	2.71	3.29	0.0000	
Univ: 787	3.13	3.06	0.0017	
Univ: 788	2.72	3.62	0.0001	
Univ: 789	2.84	3.79	0.0036	
Univ: 790	3.03	3.03	0.0105	
Univ: 791	3.67	2.85	0.0152	
Univ: 792	3.44	3.07	0.0005	
Univ: 793	3.13	3.16	0.0000	
Univ: 794	3.23	3.80	0.0000	
Univ: 795	3.81	2.57	0.0063	
Univ: 796	2.80	3.58	0.0000	
Univ: 797	3.12	3.38	0.0000	
Univ: 798	3.14	4.16	0.0000	
Univ: 799	3.37	2.99	0.0000	
Univ: 800	3.54	4.04	0.0000	
Univ: 801	2.68	3.32	0.0003	
Univ: 802	3.61	3.25	0.0005	
Univ: 803	2.73	3.86	0.0000	
Univ: 804	4.24	3.93	0.0000	
Univ: 805	3.66	3.94	0.0000	
Univ: 806	3.88	4.40	0.0000	
Univ: 807	3.51	3.35	0.0000	
Univ: 808	2.88	3.16	0.0001	
Univ: 809	3.05	3.64	0.0000	
Univ: 810	3.58	2.97	0.0012	
Univ: 811	2.47	3.19	0.0013	
Univ: 812	3.64	3.03	0.0001	
Univ: 813	2.99	3.51	0.0000	
Univ: 814	3.33	3.54	0.0047	
Univ: 815	3.53	3.58	0.0000	
Univ: 816	3.47	4.25	0.0000	
Univ: 817	3.13	3.41	0.0000	
Univ: 818	3.32	3.21	0.0000	
Univ: 819	3.53	3.00	0.0032	
Univ: 820	3.21	3.00	0.0000	
Univ: 821	3.26	3.45	0.0000	
Univ: 822	3.18	3.98	0.0000	
Univ: 823	3.98	3.64	0.0000	
Univ: 824	3.16	3.80	0.0000	
Univ: 825	3.31	3.06	0.0000	
Univ: 826	3.66	3.42	0.0014	
Univ: 827	3.95	3.02	0.0000	
Univ: 828	3.14	3.23	0.0070	
Univ: 829	3.45	2.74	0.0000	
Univ: 830	3.35	4.04	0.0000	
Univ: 831	2.54	3.12	0.0003	
Univ: 832	3.41	2.95	0.0000	
Univ: 833	3.04	3.56	0.0000	
Univ: 834	2.85	2.93	0.0004	
Univ: 835	2.71	3.35	0.0000	
Univ: 836	3.09	3.47	0.0000	
Univ: 837	3.13	2.91	0.0230	
Univ: 838	3.40	3.21	0.0120	
Univ: 839	3.21	3.40	0.0000	
Univ: 840	3.58	3.60	0.0000	
Univ: 841	3.33	3.33	0.0011	
Univ: 842	2.96	3.22	0.0000	
Univ: 843	4.54	3.44	0.0000	
Univ: 844	3.28	3.17	0.0000	
Univ: 845	3.33	3.06	0.0001	
Univ: 846	3.26	3.23	0.0002	
Univ: 847	3.18	4.11	0.0000	
Univ: 848	3.44	3.07	0.0000	
Univ: 849	3.70	3.02	0.0006	
Univ: 850	3.74	3.36	0.0000	
Univ: 851	2.84	3.77	0.0000	
Univ: 852	3.39	3.31	0.0000	
Univ: 853	3.41	2.98	0.0057	
Univ: 854	3.06	3.95	0.0000	
Univ: 855	3.55	3.64	0.0000	
Univ: 856	3.64	3.82	0.0000	
Univ: 857	2.97	2.86	0.0146	
Univ: 858	3.02	2.99	0.0000	
Univ: 859	3.47	4.22	0.0000	
Univ: 860	3.83	3.79	0.0000	
Univ: 861	2.49	3.27	0.0001	
Univ: 862	3.17	3.17	0.0033	
Univ: 863	3.86	3.61	0.0000	
Univ: 864	3.02	4.34	0.0000	
Univ: 865	3.49	2.82	0.0024	
Univ: 866	3.91	4.40	0.0000	
Univ: 867	3.02	3.95	0.0000	
Univ: 868	2.61	3.51	0.0000	
Univ: 869	3.64	3.55	0.0000	
Univ: 870	3.09	3.59	0.0003	
Univ: 871	3.32	3.95	0.0000	
Univ: 872	3.43	3.56	0.0000	
Univ: 873	2.88	3.00	0.0002	
Univ: 874	2.76	3.63	0.0000	
Univ: 875	3.72	3.12	0.0004	
Univ: 876	3.18	3.70	0.0000	
Univ: 877	3.32	3.33	0.0000	
Univ: 878	2.97	2.68	0.0000	
Univ: 879	3.11	2.69	0.1831	
Univ: 880	3.02	3.03	0.0011	
Univ: 881	2.96	3.67	0.0000	
Univ: 882	3.20	3.44	0.0027	
Univ: 883	2.42	3.13	0.0001	
Univ: 884	4.06	3.23	0.0000	
Univ: 885	4.38	3.81	0.0000	
Univ: 886	3.69	3.54	0.0001	
Univ: 887	2.94	3.61	0.0000	
Univ: 888	3.42	4.24	0.0000	
Univ: 889	3.28	3.66	0.0000	
Univ: 890	2.65	3.88	0.0000	
Univ: 891	3.21	2.88	0.0383	
Univ: 892	3.78	3.05	0.0007	
Univ: 893	3.99	3.58	0.0000	
Univ: 894	3.78	3.64	0.0000	
Univ: 895	3.13	3.47	0.0000	
Univ: 896	2.52	3.32	0.0000	
Univ: 897	2.55	3.21	0.0002	
Univ: 898	4.23	3.98	0.0000	
Univ: 899	3.30	3.16	0.0634	
Univ: 900	3.77	3.31	0.0000	
Univ: 901	3.28	3.95	0.0003	
Univ: 902	3.38	3.45	0.0000	
Univ: 903	2.77	3.41	0.0001	
Univ: 904	3.84	3.40	0.0001	
Univ: 905	2.97	3.21	0.0002	
Univ: 906	3.35	2.96	0.0000	
Univ: 907	3.26	4.54	0.0000	
Univ: 908	3.07	3.28	0.0000	
Univ: 909	3.11	3.33	0.0000	
Univ: 910	3.32	3.26	0.0000	
Univ: 911	2.93	3.44	0.0000	
Univ: 912	3.39	3.70	0.0000	
Univ: 913	3.50	3.74	0.0000	
Univ: 914	3.17	3.39	0.0000	
Univ: 915	3.15	3.41	0.0000	
Univ: 916	4.27	2.97	0.0023	
Univ: 917	3.65	3.47	0.0000	
Univ: 918	3.51	3.83	0.0000	
Univ: 919	3.16	3.86	0.0000	
Univ: 920	3.13	3.49	0.0058	
Univ: 921	3.29	3.91	0.0000	
Univ: 922	3.04	3.43	0.0025	
Univ: 923	3.60	3.72	0.0000	
Univ: 924	3.63	3.18	0.0002	
Univ: 925	3.35	3.32	0.0000	
Univ: 926	3.65	3.11	0.0000	
Univ: 927	3.80	3.02	0.0001	
Univ: 928	2.96	2.96	0.0004	
Univ: 929	3.25	4.06	0.0000	
Univ: 930	2.57	4.38	0.0000	
Univ: 931	3.38	2.94	0.0012	
Univ: 932	4.56	3.28	0.0000	
Univ: 933	3.38	3.21	0.0009	
Univ: 934	3.22	3.78	0.0000	
Univ: 935	3.20	3.99	0.0000	
Univ: 936	3.34	3.78	0.0000	
Univ: 937	3.07	4.23	0.0000	
Univ: 938	2.84	3.30	0.0007	
Univ: 939	3.25	3.77	0.0000	
Univ: 940	3.93	3.28	0.0000	
Univ: 941	3.44	3.38	0.0000	
Univ: 942	3.54	3.84	0.0000	
Univ: 943	3.83	3.11	0.0000	
Univ: 944	3.83	3.32	0.0000	
Univ: 945	4.12	2.93	0.0001	
Univ: 946	3.20	3.39	0.0012	
Univ: 947	2.90	3.50	0.0001	
Univ: 948	3.07	3.17	0.0056	
Univ: 949	3.19	4.27	0.0000	
Univ: 950	3.32	3.65	0.0001	
Univ: 951	3.27	3.51	0.0000	
Univ: 952	3.30	3.16	0.0089	
Univ: 953	3.57	3.04	0.0000	
Univ: 954	3.36	3.60	0.0000	
Univ: 955	3.72	3.35	0.0001	
Univ: 956	2.80	3.80	0.0000	
Univ: 957	2.76	3.38	0.0000	
Univ: 958	3.04	4.56	0.0000	
Univ: 959	2.93	3.38	0.0001	
Univ: 960	3.44	3.20	0.0000	
Univ: 961	3.53	3.34	0.0143	
Univ: 962	3.52	3.25	0.0016	
Univ: 963	3.38	3.93	0.0000	
Univ: 964	4.11	3.44	0.0002	
Univ: 965	3.22	3.54	0.0000	
Univ: 966	2.57	3.83	0.0000	
Univ: 967	3.70	3.83	0.0000	
Univ: 968	3.23	4.12	0.0000	
Univ: 969	3.50	3.20	0.0000	
Univ: 970	3.61	3.07	0.0279	
Univ: 971	3.62	3.32	0.0000	
Univ: 972	3.32	3.30	0.0000	
Univ: 973	3.39	3.36	0.0000	
Univ: 974	3.49	2.93	0.0000	
Univ: 975	3.49	3.44	0.0004	
Univ: 976	3.51	3.53	0.0000	
Univ: 977	3.33	3.52	0.0000	
Univ: 978	2.97	4.11	0.0000	
Univ: 979	3.36	3.23	0.0421	
Univ: 980	4.18	3.50	0.0000	
Univ: 981	3.17	3.62	0.0000	
Univ: 982	2.95	3.32	0.0000	
Univ: 983	2.31	3.49	0.0000	
Univ: 984	3.50	3.51	0.0000	
Univ: 985	2.80	3.33	0.0000	
Univ: 986	3.19	3.36	0.0000	
Univ: 987	3.56	4.18	0.0000	
Univ: 988	2.83	2.80	0.0000	
Univ: 989	3.06	3.19	0.0000	
Univ: 990	2.98	3.56	0.0000	
Univ: 991	3.75	2.98	0.0193	
Univ: 992	3.24	3.75	0.0000	
Univ: 993	3.30	3.24	0.0000	
Univ: 994	4.00	4.00	0.0000	
Univ: 995	3.61	3.61	0.0000	
Univ: 996	4.19	4.19	0.0000	
Univ: 997	3.00	3.00	0.0062	
Univ: 998	3.02	3.02	0.0000	
Univ: 999	3.26	3.26	0.0000	
