CV:    -1	28.65	26.54	
Univ:   0	28.98	25.15	4.7996	
Univ:   1	25.15	28.05	0.4793	
Univ:   2	28.05	26.59	1.7721	
Univ:   3	26.79	27.24	0.0265	
Univ:   4	26.59	24.63	2.0172	
Univ:   5	30.76	28.55	18.2290	
Univ:   6	27.24	26.48	6.0805	
Univ:   7	29.19	26.62	0.0146	
Univ:   8	29.81	31.10	0.0004	
Univ:   9	24.63	27.04	1.7594	
Univ:  10	28.55	29.07	0.0766	
Univ:  11	31.17	27.98	0.7419	
Univ:  12	26.48	30.67	0.0040	
Univ:  13	30.00	23.85	0.9884	
Univ:  14	26.62	24.57	3.7430	
Univ:  15	31.10	24.33	2.3940	
Univ:  16	27.04	28.13	0.0000	
Univ:  17	29.07	26.27	1.1059	
Univ:  18	27.98	27.40	0.5576	
Univ:  19	29.56	28.30	0.4062	
Univ:  20	30.67	25.29	8.8922	
Univ:  21	30.08	25.67	1.5933	
Univ:  22	26.90	27.66	2.6269	
Univ:  23	29.50	30.49	0.0001	
Univ:  24	32.44	26.69	1.4874	
Univ:  25	23.85	27.52	7.7481	
Univ:  26	28.13	26.64	17.6498	
Univ:  27	29.04	29.90	0.0009	
Univ:  28	24.57	28.32	4.5745	
Univ:  29	28.83	31.49	0.0003	
Univ:  30	24.33	28.05	0.0193	
Univ:  31	28.13	28.41	0.0494	
Univ:  32	28.36	27.66	0.3966	
Univ:  33	26.27	28.25	1.6450	
Univ:  34	27.40	27.43	0.0201	
Univ:  35	29.35	29.99	0.0087	
Univ:  36	28.47	29.58	0.0244	
Univ:  37	31.86	27.44	0.0577	
Univ:  38	27.56	29.46	0.0001	
Univ:  39	31.57	28.50	0.0473	
Univ:  40	28.30	25.46	0.5808	
Univ:  41	25.29	25.99	14.5763	
Univ:  42	29.87	27.78	26.9529	
Univ:  43	25.67	30.04	0.7016	
Univ:  44	27.66	25.07	2.7736	
Univ:  45	33.73	28.18	0.0235	
Univ:  46	30.49	28.94	0.0095	
Univ:  47	29.55	28.50	0.0129	
Univ:  48	26.69	29.96	0.0008	
Univ:  49	29.58	31.69	0.0030	
Univ:  50	27.52	25.22	0.6466	
Univ:  51	26.64	26.80	0.0040	
Univ:  52	28.04	25.35	11.4931	
Univ:  53	28.34	27.63	2.6397	
Univ:  54	29.90	26.17	0.0894	
Univ:  55	28.32	31.04	0.0015	
Univ:  56	31.49	25.46	5.7128	
Univ:  57	29.19	29.72	0.0052	
Univ:  58	28.86	27.02	0.0783	
Univ:  59	31.57	27.64	0.0194	
Univ:  60	29.78	25.60	4.3324	
Univ:  61	30.52	25.51	1.0557	
Univ:  62	31.79	27.88	0.0226	
Univ:  63	28.05	30.57	0.0181	
Univ:  64	28.41	25.33	3.9175	
Univ:  65	27.66	28.71	0.0000	
Univ:  66	28.25	27.10	0.3415	
Univ:  67	27.43	30.77	0.0084	
Univ:  68	29.99	25.09	0.1674	
Univ:  69	29.58	28.08	0.0586	
Univ:  70	28.83	24.89	1.6557	
Univ:  71	27.44	28.33	0.0107	
Univ:  72	31.08	29.74	1.4372	
Univ:  73	29.46	30.91	0.0084	
Univ:  74	28.28	27.86	0.1002	
Univ:  75	26.89	29.63	0.0041	
Univ:  76	30.10	27.64	0.0228	
Univ:  77	28.50	25.70	0.0001	
Univ:  78	25.46	28.59	0.0120	
Univ:  79	26.13	28.27	0.0490	
Univ:  80	25.99	26.46	0.0345	
Univ:  81	27.78	24.16	10.2078	
Univ:  82	30.04	28.11	0.0006	
Univ:  83	28.01	30.21	0.0006	
Univ:  84	25.07	25.76	0.5262	
Univ:  85	28.60	28.68	6.2670	
Univ:  86	30.91	30.81	0.0189	
Univ:  87	29.06	27.82	2.3601	
Univ:  88	28.18	30.35	0.0079	
Univ:  89	32.17	23.80	1.9393	
Univ:  90	31.21	29.36	0.1171	
Univ:  91	29.83	25.94	4.6141	
Univ:  92	28.94	29.96	0.0016	
Univ:  93	32.27	27.03	0.0003	
Univ:  94	31.06	26.15	8.0226	
Univ:  95	28.50	28.56	0.0009	
Univ:  96	29.96	26.24	0.0862	
Univ:  97	31.67	25.91	0.1362	
Univ:  98	28.39	27.58	5.0591	
Univ:  99	31.69	29.06	0.0254	
Univ: 100	25.22	25.70	0.0020	
Univ: 101	32.32	26.90	2.7334	
Univ: 102	30.08	27.31	0.1932	
Univ: 103	31.20	27.43	0.0646	
Univ: 104	27.58	27.57	6.9364	
Univ: 105	29.36	26.33	22.2632	
Univ: 106	31.07	26.05	0.3077	
Univ: 107	26.80	27.95	0.2392	
Univ: 108	25.35	28.16	0.7333	
Univ: 109	27.63	30.30	0.0140	
Univ: 110	26.17	29.26	0.0016	
Univ: 111	31.04	28.58	2.5337	
Univ: 112	25.46	28.83	0.0015	
Univ: 113	28.19	24.87	0.0187	
Univ: 114	29.72	31.28	0.0056	
Univ: 115	30.77	28.65	0.0069	
Univ: 116	27.08	29.69	0.0106	
Univ: 117	30.77	29.09	0.0397	
Univ: 118	29.45	29.73	0.0440	
Univ: 119	28.45	26.94	2.1269	
Univ: 120	32.54	29.36	0.0488	
Univ: 121	31.06	28.44	0.0000	
Univ: 122	27.02	29.34	0.2953	
Univ: 123	27.64	26.67	0.2646	
Univ: 124	25.60	28.55	0.0061	
Univ: 125	25.51	28.74	0.0005	
Univ: 126	32.54	28.25	0.9268	
Univ: 127	26.72	28.06	6.5918	
Univ: 128	27.88	27.66	2.5873	
Univ: 129	30.16	27.16	6.4736	
Univ: 130	30.98	26.56	13.3334	
Univ: 131	29.71	26.72	5.9443	
Univ: 132	29.69	27.63	0.0003	
Univ: 133	28.51	28.15	0.0893	
Univ: 134	30.57	26.53	0.0272	
Univ: 135	33.58	26.43	1.2869	
Univ: 136	25.33	27.43	0.2487	
Univ: 137	32.63	28.42	0.0007	
Univ: 138	28.86	27.81	4.9736	
Univ: 139	28.71	27.99	0.0012	
Univ: 140	27.10	27.34	0.0367	
Univ: 141	30.77	27.46	0.2020	
Univ: 142	25.09	27.13	0.0157	
Univ: 143	28.08	30.29	0.0000	
Univ: 144	32.30	29.14	0.0557	
Univ: 145	24.89	30.77	0.0159	
Univ: 146	29.72	28.38	0.4268	
Univ: 147	28.33	27.99	1.3398	
Univ: 148	29.56	26.82	30.7099	
Univ: 149	29.74	29.14	6.3116	
Univ: 150	28.56	24.74	0.4250	
Univ: 151	30.91	25.80	0.0693	
Univ: 152	27.86	27.71	0.0024	
Univ: 153	28.46	26.31	1.5828	
Univ: 154	29.63	28.20	0.0046	
Univ: 155	30.17	24.59	2.2674	
Univ: 156	27.64	26.93	0.0554	
Univ: 157	28.90	27.94	0.1773	
Univ: 158	27.98	28.22	3.4980	
Univ: 159	30.01	25.89	12.5155	
Univ: 160	26.61	25.48	6.1035	
Univ: 161	25.70	28.08	0.8375	
Univ: 162	31.79	26.13	1.8636	
Univ: 163	28.59	28.69	0.0003	
Univ: 164	28.27	29.17	0.3594	
Univ: 165	26.46	28.93	0.0058	
Univ: 166	24.16	27.79	0.0004	
Univ: 167	32.29	26.85	0.0210	
Univ: 168	28.11	28.96	0.0334	
Univ: 169	30.21	28.46	0.0530	
Univ: 170	25.76	31.32	0.0005	
Univ: 171	28.68	25.56	1.8832	
Univ: 172	30.45	26.96	0.2410	
Univ: 173	32.23	29.57	0.0001	
Univ: 174	31.64	31.77	0.0002	
Univ: 175	30.29	22.41	1.8549	
Univ: 176	30.81	30.27	0.0001	
Univ: 177	27.82	27.72	0.5346	
Univ: 178	30.35	25.83	14.8848	
Univ: 179	23.80	31.66	0.0150	
Univ: 180	28.17	27.64	0.0429	
Univ: 181	31.75	30.46	0.0003	
Univ: 182	29.36	28.69	0.0023	
Univ: 183	28.61	29.02	0.0755	
Univ: 184	25.94	27.84	0.0592	
Univ: 185	29.96	29.29	0.0012	
Univ: 186	32.13	28.53	0.0348	
Univ: 187	33.19	26.69	0.1146	
Univ: 188	29.10	25.62	1.1583	
Univ: 189	33.45	26.50	9.6988	
Univ: 190	27.03	29.87	0.0561	
Univ: 191	26.15	28.21	0.0006	
Univ: 192	29.95	25.40	3.9773	
Univ: 193	29.65	28.82	0.1298	
Univ: 194	28.56	25.11	5.8177	
Univ: 195	29.74	26.27	7.6397	
Univ: 196	30.07	29.09	0.0286	
Univ: 197	26.98	26.53	0.5847	
Univ: 198	26.24	29.72	0.2290	
Univ: 199	28.17	26.20	21.0149	
Univ: 200	25.91	29.66	0.0015	
Univ: 201	27.58	28.27	0.0048	
Univ: 202	31.16	30.76	0.0749	
Univ: 203	29.06	26.76	14.6963	
Univ: 204	31.14	30.39	0.0003	
Univ: 205	25.70	28.10	0.0208	
Univ: 206	26.90	27.38	5.7900	
Univ: 207	30.45	26.48	0.0095	
Univ: 208	27.31	27.43	0.0022	
Univ: 209	32.64	25.77	0.2263	
Univ: 210	31.52	24.09	1.2614	
Univ: 211	27.43	28.62	0.0861	
Univ: 212	31.15	28.57	0.5203	
Univ: 213	29.97	28.88	0.3046	
Univ: 214	27.57	27.81	0.0161	
Univ: 215	30.05	26.09	14.7436	
Univ: 216	26.33	24.59	2.2251	
Univ: 217	26.05	27.53	0.0002	
Univ: 218	27.95	27.58	0.0075	
Univ: 219	29.50	27.63	0.3756	
Univ: 220	30.34	27.99	0.0001	
Univ: 221	31.65	28.95	0.0126	
Univ: 222	28.16	27.40	0.1208	
Univ: 223	30.30	30.88	0.0000	
Univ: 224	31.75	26.58	0.2889	
Univ: 225	29.01	24.75	1.2883	
Univ: 226	35.20	27.45	0.0537	
Univ: 227	29.26	29.03	0.8044	
Univ: 228	28.58	30.22	0.0001	
Univ: 229	34.70	30.00	0.0262	
Univ: 230	28.83	27.74	0.2674	
Univ: 231	24.87	28.98	0.4516	
Univ: 232	29.92	26.42	2.0138	
Univ: 233	31.28	26.67	0.0013	
Univ: 234	28.58	25.86	10.6045	
Univ: 235	31.46	28.08	4.4163	
Univ: 236	31.05	27.86	0.1870	
Univ: 237	29.51	29.96	0.0014	
Univ: 238	28.65	26.82	2.9187	
Univ: 239	28.75	28.73	0.0151	
Univ: 240	28.09	27.96	0.3601	
Univ: 241	29.90	28.36	1.6980	
Univ: 242	28.64	26.82	11.2155	
Univ: 243	29.69	26.24	5.9503	
Univ: 244	29.09	25.30	9.6685	
Univ: 245	29.73	26.02	1.1760	
Univ: 246	26.94	30.66	0.0013	
Univ: 247	29.36	29.39	0.2226	
Univ: 248	28.44	26.90	5.2150	
Univ: 249	33.09	26.74	4.4342	
Univ: 250	27.99	26.94	0.7946	
Univ: 251	28.36	28.66	0.0585	
Univ: 252	29.34	26.91	6.2176	
Univ: 253	26.67	30.07	0.1765	
Univ: 254	28.55	26.88	6.3874	
Univ: 255	28.59	26.02	0.4716	
Univ: 256	27.23	29.38	0.0414	
Univ: 257	26.36	26.40	0.1362	
Univ: 258	29.50	27.20	0.0151	
Univ: 259	28.74	26.13	0.0202	
Univ: 260	30.70	29.21	0.0034	
Univ: 261	28.25	28.30	0.0074	
Univ: 262	28.06	28.04	0.0028	
Univ: 263	31.44	26.24	14.7964	
Univ: 264	27.66	28.17	0.0607	
Univ: 265	31.28	29.16	0.0215	
Univ: 266	27.16	27.02	6.8750	
Univ: 267	26.56	28.11	1.6141	
Univ: 268	26.72	29.56	0.0536	
Univ: 269	29.71	27.91	0.0009	
Univ: 270	29.04	25.91	17.6768	
Univ: 271	30.65	26.91	0.7679	
Univ: 272	31.16	31.24	0.0000	
Univ: 273	27.63	28.27	2.1786	
Univ: 274	28.15	25.25	0.0592	
Univ: 275	28.89	27.10	4.0765	
Univ: 276	28.98	30.33	0.0000	
Univ: 277	28.66	30.42	0.0674	
Univ: 278	26.53	23.79	2.0462	
Univ: 279	31.30	30.01	0.0007	
Univ: 280	33.70	26.30	0.9124	
Univ: 281	28.90	27.77	11.1783	
Univ: 282	29.18	31.18	0.3769	
Univ: 283	26.43	27.34	0.7524	
Univ: 284	27.43	27.12	1.1459	
Univ: 285	28.42	24.59	0.4202	
Univ: 286	28.51	27.17	0.3485	
Univ: 287	27.81	30.25	8.6603	
Univ: 288	29.01	25.44	0.2390	
Univ: 289	30.84	28.37	3.0062	
Univ: 290	27.99	27.81	0.0157	
Univ: 291	27.34	29.24	0.0417	
Univ: 292	32.38	29.04	0.0059	
Univ: 293	29.92	30.54	0.0007	
Univ: 294	27.46	26.14	0.4264	
Univ: 295	31.48	27.67	2.0081	
Univ: 296	30.14	30.94	0.0023	
Univ: 297	27.13	28.14	16.8349	
Univ: 298	32.99	26.88	4.0699	
Univ: 299	30.29	27.31	0.3898	
Univ: 300	29.39	28.37	0.0543	
Univ: 301	31.14	27.36	0.0024	
Univ: 302	29.14	24.25	0.0122	
Univ: 303	30.77	26.06	0.0042	
Univ: 304	28.38	25.67	3.2037	
Univ: 305	27.99	28.15	0.0186	
Univ: 306	26.82	28.91	0.6695	
Univ: 307	29.14	27.89	0.8105	
Univ: 308	24.74	27.93	0.2080	
Univ: 309	25.80	29.19	1.5607	
Univ: 310	30.53	28.24	7.1465	
Univ: 311	27.47	28.24	0.0209	
Univ: 312	27.71	29.04	0.0804	
Univ: 313	26.31	26.96	4.3513	
Univ: 314	29.01	28.60	0.0067	
Univ: 315	31.82	28.63	0.0063	
Univ: 316	30.87	25.96	1.6807	
Univ: 317	28.20	25.26	0.2922	
Univ: 318	24.59	29.59	0.0008	
Univ: 319	26.93	26.80	13.8434	
Univ: 320	27.94	28.41	0.1130	
Univ: 321	28.22	26.52	0.2586	
Univ: 322	25.89	28.75	1.1302	
Univ: 323	33.06	28.30	0.9110	
Univ: 324	25.48	27.59	0.1457	
Univ: 325	31.87	27.75	0.0327	
Univ: 326	28.08	27.93	0.0002	
Univ: 327	30.49	28.87	0.0201	
Univ: 328	29.63	27.57	0.8027	
Univ: 329	26.13	28.15	0.4880	
Univ: 330	28.69	28.08	0.1981	
Univ: 331	29.17	27.85	0.0477	
Univ: 332	31.38	29.06	0.0125	
Univ: 333	34.31	27.43	0.2264	
Univ: 334	31.50	28.98	13.6813	
Univ: 335	29.80	28.44	0.0244	
Univ: 336	28.93	23.55	0.0887	
Univ: 337	27.79	26.89	16.7803	
Univ: 338	26.85	26.50	22.4286	
Univ: 339	28.97	29.55	0.1759	
Univ: 340	28.96	28.21	0.8105	
Univ: 341	26.79	25.99	0.4612	
Univ: 342	28.46	27.28	0.0024	
Univ: 343	31.32	27.66	0.0735	
Univ: 344	26.73	25.81	2.7639	
Univ: 345	25.56	26.76	0.5048	
Univ: 346	32.88	25.70	0.1904	
Univ: 347	29.34	26.73	0.1014	
Univ: 348	31.83	26.52	0.6703	
Univ: 349	26.96	30.93	0.0007	
Univ: 350	29.77	26.20	5.6875	
Univ: 351	29.57	27.40	0.6352	
Univ: 352	34.39	26.82	1.1435	
Univ: 353	31.77	26.12	0.2372	
Univ: 354	22.41	28.35	0.6716	
Univ: 355	29.09	28.56	0.0343	
Univ: 356	29.06	25.01	4.7618	
Univ: 357	32.74	27.74	5.4689	
Univ: 358	30.27	29.66	0.0030	
Univ: 359	27.72	28.10	0.0117	
Univ: 360	25.83	25.72	0.0235	
Univ: 361	33.37	26.37	1.1331	
Univ: 362	31.66	24.28	0.9613	
Univ: 363	32.75	27.27	0.0174	
Univ: 364	29.07	28.42	0.0000	
Univ: 365	27.64	29.51	0.0001	
Univ: 366	30.46	27.57	0.0169	
Univ: 367	31.66	26.10	1.5290	
Univ: 368	28.69	26.10	0.9813	
Univ: 369	29.02	27.19	2.7365	
Univ: 370	27.17	26.25	9.0738	
Univ: 371	27.84	29.79	0.0482	
Univ: 372	32.56	28.04	0.0086	
Univ: 373	29.29	27.70	0.0240	
Univ: 374	27.85	31.04	0.0307	
Univ: 375	29.55	30.07	0.0291	
Univ: 376	28.53	26.98	0.1758	
Univ: 377	27.43	27.47	2.3611	
Univ: 378	26.69	27.97	0.3195	
Univ: 379	29.17	28.30	0.4178	
Univ: 380	29.83	28.56	3.8291	
Univ: 381	25.62	26.43	7.2453	
Univ: 382	26.50	24.76	0.0675	
Univ: 383	31.41	26.89	11.9961	
Univ: 384	29.87	27.20	1.9574	
Univ: 385	28.21	31.41	0.0026	
Univ: 386	25.09	26.93	0.4697	
Univ: 387	25.40	29.20	0.0113	
Univ: 388	28.82	27.12	0.8464	
Univ: 389	29.20	28.69	0.1145	
Univ: 390	25.11	26.30	3.0815	
Univ: 391	32.78	27.00	8.0480	
Univ: 392	28.10	29.49	0.0045	
Univ: 393	29.96	30.03	0.0063	
Univ: 394	26.27	27.98	0.0012	
Univ: 395	29.09	28.31	1.2843	
Univ: 396	32.45	28.56	0.0033	
Univ: 397	26.53	24.08	0.1930	
Univ: 398	29.32	28.71	0.1864	
Univ: 399	29.88	27.19	0.0000	
Univ: 400	28.06	26.82	0.6373	
Univ: 401	29.09	27.47	0.1288	
Univ: 402	29.72	25.74	0.2784	
Univ: 403	26.20	26.39	0.0311	
Univ: 404	29.68	28.12	0.1043	
Univ: 405	31.27	28.45	0.5650	
Univ: 406	28.71	28.16	3.2724	
Univ: 407	29.89	27.38	0.1049	
Univ: 408	29.77	27.03	0.4202	
Univ: 409	28.17	28.04	0.1785	
Univ: 410	27.00	28.72	2.0844	
Univ: 411	29.67	29.87	0.0039	
Univ: 412	29.66	28.24	0.0053	
Univ: 413	28.27	30.78	0.0264	
Univ: 414	30.26	26.85	5.8217	
Univ: 415	30.76	25.38	1.3046	
Univ: 416	30.02	28.23	0.0720	
Univ: 417	29.45	25.21	0.5362	
Univ: 418	26.76	26.39	0.1466	
Univ: 419	30.53	29.41	0.0033	
Univ: 420	30.39	28.94	0.0010	
Univ: 421	28.10	29.91	0.0019	
Univ: 422	29.74	29.35	0.0023	
Univ: 423	26.04	28.05	0.2383	
Univ: 424	27.38	27.33	0.0138	
Univ: 425	26.48	29.81	0.0124	
Univ: 426	29.55	27.90	0.1004	
Univ: 427	31.34	26.89	0.0042	
Univ: 428	30.22	24.91	8.1962	
Univ: 429	27.43	27.10	0.2314	
Univ: 430	25.77	28.51	0.1158	
Univ: 431	30.63	24.31	0.9368	
Univ: 432	24.09	26.14	0.0321	
Univ: 433	28.62	27.12	2.4206	
Univ: 434	28.57	29.56	0.0010	
Univ: 435	36.51	26.82	0.0104	
Univ: 436	29.74	27.41	0.8342	
Univ: 437	29.91	27.24	1.5669	
Univ: 438	28.88	28.36	0.0014	
Univ: 439	27.81	32.23	0.0006	
Univ: 440	26.09	31.02	0.0260	
Univ: 441	24.59	26.77	0.2629	
Univ: 442	31.00	26.73	5.9711	
Univ: 443	27.53	26.40	0.1965	
Univ: 444	27.58	25.70	0.0702	
Univ: 445	32.33	29.36	1.1415	
Univ: 446	28.99	26.67	23.9161	
Univ: 447	27.63	31.29	0.0000	
Univ: 448	27.99	28.85	13.9463	
Univ: 449	26.87	29.91	0.3023	
Univ: 450	30.11	29.89	0.4548	
Univ: 451	28.95	27.52	2.1815	
Univ: 452	27.40	27.27	0.5119	
Univ: 453	30.92	27.71	2.7943	
Univ: 454	33.24	25.08	21.1727	
Univ: 455	30.88	30.48	0.0056	
Univ: 456	26.58	27.87	0.1038	
Univ: 457	32.51	25.05	0.5594	
Univ: 458	28.29	27.28	0.0016	
Univ: 459	29.70	26.13	5.8157	
Univ: 460	24.75	22.76	0.1335	
Univ: 461	27.45	27.74	12.6646	
Univ: 462	29.03	25.90	0.8824	
Univ: 463	30.22	28.64	0.0962	
Univ: 464	30.00	28.23	0.0430	
Univ: 465	27.74	28.47	4.3050	
Univ: 466	28.28	26.60	0.0151	
Univ: 467	29.85	27.74	0.0700	
Univ: 468	28.98	27.62	0.0137	
Univ: 469	26.42	30.84	0.0001	
Univ: 470	26.67	31.20	0.0072	
Univ: 471	29.42	25.29	0.0269	
Univ: 472	25.86	27.49	0.0296	
Univ: 473	31.69	28.36	3.3365	
Univ: 474	28.08	26.16	1.4278	
Univ: 475	27.86	27.30	2.7681	
Univ: 476	29.96	26.28	1.8295	
Univ: 477	27.67	27.27	0.0737	
Univ: 478	28.71	30.01	0.5887	
Univ: 479	29.39	27.52	0.7016	
Univ: 480	26.82	29.34	0.0231	
Univ: 481	27.57	28.61	0.0007	
Univ: 482	28.73	26.36	6.6250	
Univ: 483	28.90	26.45	14.3099	
Univ: 484	30.97	26.64	0.0185	
Univ: 485	34.04	29.97	0.2753	
Univ: 486	27.96	29.20	0.3365	
Univ: 487	28.14	26.19	3.5359	
Univ: 488	28.36	27.81	0.0021	
Univ: 489	26.82	29.63	0.0742	
Univ: 490	26.24	27.76	0.0538	
Univ: 491	25.30	31.26	0.0108	
Univ: 492	26.02	27.18	0.2402	
Univ: 493	30.04	29.99	0.1317	
Univ: 494	30.66	26.92	1.3161	
Univ: 495	29.39	25.68	6.9599	
Univ: 496	26.90	30.40	0.0072	
Univ: 497	31.85	25.90	0.0922	
Univ: 498	29.14	28.33	0.0177	
Univ: 499	30.39	27.89	0.0037	
Univ: 500	31.76	28.98	0.0312	
Univ: 501	26.74	26.79	0.0000	
Univ: 502	26.94	30.76	0.0000	
Univ: 503	28.66	29.19	0.0000	
Univ: 504	28.64	29.81	0.0005	
Univ: 505	26.91	31.17	0.0000	
Univ: 506	30.07	30.00	0.0001	
Univ: 507	26.88	29.56	0.0000	
Univ: 508	26.02	30.08	0.0000	
Univ: 509	29.74	26.90	0.0001	
Univ: 510	33.61	29.50	0.0000	
Univ: 511	30.24	32.44	0.0000	
Univ: 512	29.38	28.13	0.0000	
Univ: 513	27.36	29.04	0.0000	
Univ: 514	26.40	28.83	0.0018	
Univ: 515	27.20	28.36	0.0000	
Univ: 516	26.13	29.35	0.0126	
Univ: 517	30.12	28.47	0.0067	
Univ: 518	35.06	31.86	0.0000	
Univ: 519	28.82	27.56	0.0000	
Univ: 520	29.21	31.57	0.0000	
Univ: 521	28.30	29.87	0.0000	
Univ: 522	28.04	33.73	0.0000	
Univ: 523	30.71	29.55	0.0000	
Univ: 524	30.23	29.58	0.0000	
Univ: 525	30.26	28.04	0.1034	
Univ: 526	32.59	28.34	0.0001	
Univ: 527	29.98	29.19	0.0035	
Univ: 528	26.24	28.86	0.0002	
Univ: 529	28.17	31.57	0.0000	
Univ: 530	30.93	29.78	0.0000	
Univ: 531	29.16	30.52	0.0002	
Univ: 532	27.72	31.79	0.0000	
Univ: 533	29.32	28.83	0.0011	
Univ: 534	27.02	31.08	0.0000	
Univ: 535	29.46	28.28	0.0001	
Univ: 536	31.57	26.89	0.0119	
Univ: 537	28.11	30.10	0.0003	
Univ: 538	26.66	26.13	0.0240	
Univ: 539	28.05	28.01	0.0002	
Univ: 540	31.35	28.60	0.0068	
Univ: 541	29.29	30.91	0.0000	
Univ: 542	29.56	29.06	0.0011	
Univ: 543	27.91	32.17	0.0000	
Univ: 544	25.91	31.21	0.0000	
Univ: 545	30.01	29.83	0.0000	
Univ: 546	26.91	32.27	0.0000	
Univ: 547	31.24	31.06	0.0000	
Univ: 548	28.27	31.67	0.0000	
Univ: 549	30.44	28.39	0.0000	
Univ: 550	25.25	32.32	0.0000	
Univ: 551	27.10	30.08	0.0000	
Univ: 552	30.33	31.20	0.0001	
Univ: 553	34.85	27.58	0.0000	
Univ: 554	30.46	29.36	0.0000	
Univ: 555	30.42	31.07	0.0000	
Univ: 556	23.79	28.19	0.0000	
Univ: 557	31.07	30.77	0.0001	
Univ: 558	30.01	27.08	0.0003	
Univ: 559	30.65	30.77	0.0000	
Univ: 560	26.30	29.45	0.0000	
Univ: 561	27.77	28.45	0.0115	
Univ: 562	31.18	32.54	0.0000	
Univ: 563	30.42	31.06	0.0000	
Univ: 564	27.34	32.54	0.0000	
Univ: 565	27.12	26.72	0.0692	
Univ: 566	32.69	30.16	0.0000	
Univ: 567	27.12	30.98	0.0000	
Univ: 568	29.69	29.71	0.0000	
Univ: 569	28.84	29.69	0.0000	
Univ: 570	24.59	28.51	0.0001	
Univ: 571	27.17	33.58	0.0000	
Univ: 572	30.25	32.63	0.0000	
Univ: 573	28.33	28.86	0.0003	
Univ: 574	28.61	32.30	0.0000	
Univ: 575	29.69	29.72	0.0000	
Univ: 576	29.39	29.56	0.0000	
Univ: 577	25.44	28.56	0.0006	
Univ: 578	28.37	28.46	0.0006	
Univ: 579	27.81	30.17	0.0000	
Univ: 580	31.04	28.90	0.0000	
Univ: 581	27.25	27.98	0.0000	
Univ: 582	28.34	30.01	0.0005	
Univ: 583	26.28	26.61	0.0009	
Univ: 584	29.27	31.79	0.0000	
Univ: 585	31.28	32.29	0.0000	
Univ: 586	29.24	30.45	0.0000	
Univ: 587	29.04	32.23	0.0000	
Univ: 588	30.54	31.64	0.0000	
Univ: 589	28.54	30.29	0.0000	
Univ: 590	29.65	28.17	0.0021	
Univ: 591	29.20	31.75	0.0000	
Univ: 592	32.58	28.61	0.0000	
Univ: 593	26.14	32.13	0.0000	
Univ: 594	27.67	33.19	0.0000	
Univ: 595	27.22	29.10	0.0039	
Univ: 596	30.72	33.45	0.0000	
Univ: 597	30.90	29.95	0.0000	
Univ: 598	30.94	29.65	0.0001	
Univ: 599	28.98	29.74	0.0000	
Univ: 600	31.56	30.07	0.0000	
Univ: 601	33.05	26.98	0.0055	
Univ: 602	28.14	28.17	0.0115	
Univ: 603	32.89	31.16	0.0000	
Univ: 604	31.13	31.14	0.0000	
Univ: 605	26.88	30.45	0.0000	
Univ: 606	31.52	32.64	0.0000	
Univ: 607	27.31	31.52	0.0000	
Univ: 608	30.50	31.15	0.0000	
Univ: 609	28.37	29.97	0.0002	
Univ: 610	29.85	30.05	0.0000	
Univ: 611	29.55	29.50	0.0020	
Univ: 612	28.87	30.34	0.0000	
Univ: 613	27.36	31.65	0.0011	
Univ: 614	29.36	31.75	0.0000	
Univ: 615	29.62	29.01	0.0056	
Univ: 616	29.42	35.20	0.0000	
Univ: 617	24.25	34.70	0.0000	
Univ: 618	26.06	29.92	0.0000	
Univ: 619	25.67	28.58	0.0027	
Univ: 620	30.08	31.46	0.0000	
Univ: 621	32.82	31.05	0.0000	
Univ: 622	29.13	29.51	0.0014	
Univ: 623	28.15	28.75	0.0000	
Univ: 624	27.92	28.09	0.0000	
Univ: 625	28.91	29.90	0.0000	
Univ: 626	27.82	28.64	0.0000	
Univ: 627	27.89	33.09	0.0000	
Univ: 628	27.93	27.99	0.0000	
Univ: 629	29.07	28.36	0.0000	
Univ: 630	27.85	28.59	0.0000	
Univ: 631	29.19	27.23	0.0003	
Univ: 632	28.24	26.36	0.0153	
Univ: 633	28.24	29.50	0.0005	
Univ: 634	29.04	30.70	0.0000	
Univ: 635	31.40	31.44	0.0000	
Univ: 636	26.96	31.28	0.0000	
Univ: 637	28.95	29.71	0.0000	
Univ: 638	28.60	29.04	0.0001	
Univ: 639	28.63	30.65	0.0000	
Univ: 640	25.96	31.16	0.0000	
Univ: 641	32.86	28.89	0.0010	
Univ: 642	29.94	28.98	0.0000	
Univ: 643	29.86	28.66	0.0003	
Univ: 644	26.57	31.30	0.0000	
Univ: 645	25.26	33.70	0.0000	
Univ: 646	29.59	28.90	0.0001	
Univ: 647	26.80	29.18	0.0000	
Univ: 648	28.41	28.51	0.0000	
Univ: 649	26.52	29.01	0.0015	
Univ: 650	27.80	30.84	0.0000	
Univ: 651	28.75	32.38	0.0000	
Univ: 652	28.30	29.92	0.0002	
Univ: 653	26.71	31.48	0.0000	
Univ: 654	31.97	30.14	0.0000	
Univ: 655	28.22	32.99	0.0000	
Univ: 656	27.59	29.39	0.0000	
Univ: 657	27.75	31.14	0.0000	
Univ: 658	27.93	30.53	0.0009	
Univ: 659	28.87	27.47	0.0001	
Univ: 660	27.57	29.01	0.0198	
Univ: 661	28.15	31.82	0.0000	
Univ: 662	28.08	30.87	0.0000	
Univ: 663	27.85	33.06	0.0000	
Univ: 664	29.06	31.87	0.0002	
Univ: 665	27.43	30.49	0.0000	
Univ: 666	28.98	29.63	0.0002	
Univ: 667	29.15	31.38	0.0000	
Univ: 668	28.44	34.31	0.0000	
Univ: 669	30.05	31.50	0.0000	
Univ: 670	23.55	29.80	0.0000	
Univ: 671	26.89	28.97	0.0000	
Univ: 672	26.50	26.79	0.0148	
Univ: 673	27.87	26.73	0.0680	
Univ: 674	29.55	32.88	0.0000	
Univ: 675	28.21	29.34	0.0160	
Univ: 676	25.99	31.83	0.0000	
Univ: 677	28.85	29.77	0.0000	
Univ: 678	27.28	34.39	0.0000	
Univ: 679	29.92	29.09	0.0000	
Univ: 680	28.80	29.06	0.0066	
Univ: 681	27.77	32.74	0.0000	
Univ: 682	30.22	33.37	0.0000	
Univ: 683	27.66	32.75	0.0000	
Univ: 684	31.01	29.07	0.0000	
Univ: 685	29.21	31.66	0.0000	
Univ: 686	25.81	27.17	0.0026	
Univ: 687	26.76	32.56	0.0000	
Univ: 688	25.70	27.85	0.0000	
Univ: 689	26.73	29.55	0.0000	
Univ: 690	26.52	27.43	0.0001	
Univ: 691	29.74	29.17	0.0000	
Univ: 692	30.93	29.83	0.0009	
Univ: 693	26.20	31.41	0.0000	
Univ: 694	27.40	25.09	0.1048	
Univ: 695	26.82	29.20	0.0000	
Univ: 696	29.56	32.78	0.0000	
Univ: 697	30.11	28.10	0.0001	
Univ: 698	26.12	29.96	0.0000	
Univ: 699	28.89	32.45	0.0000	
Univ: 700	28.35	29.32	0.0000	
Univ: 701	28.56	29.88	0.0004	
Univ: 702	25.01	28.06	0.0021	
Univ: 703	27.74	29.09	0.0000	
Univ: 704	29.66	29.68	0.0000	
Univ: 705	28.10	31.27	0.0000	
Univ: 706	25.72	28.71	0.0001	
Univ: 707	26.37	29.89	0.0000	
Univ: 708	31.25	29.77	0.0088	
Univ: 709	24.28	28.17	0.0013	
Univ: 710	31.72	27.00	0.0006	
Univ: 711	28.69	29.67	0.0000	
Univ: 712	29.00	30.26	0.0017	
Univ: 713	27.27	30.02	0.0013	
Univ: 714	28.42	29.45	0.0007	
Univ: 715	31.39	30.53	0.0000	
Univ: 716	29.51	29.74	0.0010	
Univ: 717	27.57	26.04	0.0123	
Univ: 718	32.34	29.55	0.0000	
Univ: 719	29.46	31.34	0.0000	
Univ: 720	30.09	30.22	0.0000	
Univ: 721	31.85	30.63	0.0003	
Univ: 722	32.02	36.51	0.0000	
Univ: 723	26.10	29.74	0.0000	
Univ: 724	26.10	29.91	0.0000	
Univ: 725	27.19	31.00	0.0000	
Univ: 726	30.34	32.33	0.0000	
Univ: 727	27.53	28.99	0.0000	
Univ: 728	26.25	26.87	0.0011	
Univ: 729	28.84	30.11	0.0000	
Univ: 730	29.79	30.92	0.0000	
Univ: 731	28.04	33.24	0.0000	
Univ: 732	27.70	32.51	0.0000	
Univ: 733	35.14	28.29	0.0054	
Univ: 734	31.04	29.70	0.0011	
Univ: 735	32.23	28.28	0.0647	
Univ: 736	29.64	29.85	0.0000	
Univ: 737	30.07	29.42	0.0000	
Univ: 738	26.98	31.69	0.0000	
Univ: 739	27.47	27.67	0.0094	
Univ: 740	28.49	28.71	0.0019	
Univ: 741	32.59	29.39	0.0000	
Univ: 742	27.97	27.57	0.0000	
Univ: 743	28.30	28.90	0.0000	
Univ: 744	32.35	30.97	0.0000	
Univ: 745	28.56	34.04	0.0000	
Univ: 746	26.43	28.14	0.0006	
Univ: 747	24.76	30.04	0.0000	
Univ: 748	26.89	31.85	0.0000	
Univ: 749	27.20	29.14	0.0000	
Univ: 750	31.41	30.39	0.0000	
Univ: 751	26.93	31.76	0.0000	
Univ: 752	29.20	28.64	0.0367	
Univ: 753	27.12	29.74	0.0000	
Univ: 754	28.69	33.61	0.0000	
Univ: 755	26.30	30.24	0.0000	
Univ: 756	27.00	27.36	0.0000	
Univ: 757	29.49	30.12	0.0000	
Univ: 758	30.03	35.06	0.0000	
Univ: 759	27.74	28.82	0.0072	
Univ: 760	32.91	30.71	0.0000	
Univ: 761	32.52	30.23	0.0043	
Univ: 762	27.98	30.26	0.0000	
Univ: 763	28.31	32.59	0.0000	
Univ: 764	29.54	29.98	0.0000	
Univ: 765	29.90	30.93	0.0000	
Univ: 766	28.60	27.72	0.0338	
Univ: 767	28.56	29.32	0.0002	
Univ: 768	24.08	29.46	0.0004	
Univ: 769	35.44	31.57	0.0000	
Univ: 770	30.14	26.66	0.0000	
Univ: 771	28.71	28.05	0.0021	
Univ: 772	30.09	31.35	0.0000	
Univ: 773	27.19	29.29	0.0000	
Univ: 774	26.82	30.01	0.0000	
Univ: 775	30.98	30.44	0.0211	
Univ: 776	30.26	34.85	0.0000	
Univ: 777	27.47	30.46	0.0000	
Univ: 778	25.74	31.07	0.0000	
Univ: 779	26.39	30.65	0.0001	
Univ: 780	30.46	30.42	0.0000	
Univ: 781	29.63	27.12	0.0001	
Univ: 782	26.48	32.69	0.0000	
Univ: 783	28.12	29.69	0.0000	
Univ: 784	28.70	28.84	0.0004	
Univ: 785	28.45	28.33	0.0001	
Univ: 786	28.16	28.61	0.0000	
Univ: 787	27.38	29.69	0.0017	
Univ: 788	27.03	29.39	0.0001	
Univ: 789	28.04	31.04	0.0036	
Univ: 790	29.14	27.25	0.0105	
Univ: 791	29.79	28.34	0.0152	
Univ: 792	28.70	26.28	0.0005	
Univ: 793	28.91	29.27	0.0000	
Univ: 794	30.14	31.28	0.0000	
Univ: 795	32.20	28.54	0.0063	
Univ: 796	28.72	29.65	0.0000	
Univ: 797	29.87	29.20	0.0000	
Univ: 798	28.24	32.58	0.0000	
Univ: 799	30.78	27.22	0.0000	
Univ: 800	31.13	30.72	0.0000	
Univ: 801	26.85	30.90	0.0003	
Univ: 802	32.04	28.98	0.0005	
Univ: 803	25.38	31.56	0.0000	
Univ: 804	35.89	33.05	0.0000	
Univ: 805	30.04	32.89	0.0000	
Univ: 806	33.94	31.13	0.0000	
Univ: 807	28.23	31.52	0.0000	
Univ: 808	27.46	30.50	0.0001	
Univ: 809	27.00	29.85	0.0000	
Univ: 810	28.68	29.55	0.0012	
Univ: 811	25.21	28.87	0.0013	
Univ: 812	30.84	29.36	0.0001	
Univ: 813	26.39	29.62	0.0000	
Univ: 814	29.41	29.42	0.0047	
Univ: 815	28.94	30.08	0.0000	
Univ: 816	29.94	32.82	0.0000	
Univ: 817	29.91	29.13	0.0000	
Univ: 818	29.63	27.92	0.0000	
Univ: 819	29.35	27.82	0.0032	
Univ: 820	26.06	29.07	0.0000	
Univ: 821	28.05	27.85	0.0000	
Univ: 822	27.33	31.40	0.0000	
Univ: 823	31.65	28.95	0.0000	
Univ: 824	28.13	32.86	0.0000	
Univ: 825	28.83	29.94	0.0000	
Univ: 826	29.81	29.86	0.0014	
Univ: 827	29.60	26.57	0.0000	
Univ: 828	27.90	27.80	0.0070	
Univ: 829	29.86	26.71	0.0000	
Univ: 830	26.89	31.97	0.0000	
Univ: 831	24.91	28.22	0.0003	
Univ: 832	27.41	29.15	0.0000	
Univ: 833	27.10	30.05	0.0000	
Univ: 834	28.51	27.87	0.0004	
Univ: 835	24.31	28.85	0.0000	
Univ: 836	26.14	29.92	0.0000	
Univ: 837	27.12	28.80	0.0230	
Univ: 838	29.02	27.77	0.0120	
Univ: 839	29.88	30.22	0.0000	
Univ: 840	29.56	31.01	0.0000	
Univ: 841	26.82	29.21	0.0011	
Univ: 842	28.88	29.74	0.0000	
Univ: 843	34.64	29.56	0.0000	
Univ: 844	30.18	30.11	0.0000	
Univ: 845	29.45	28.89	0.0001	
Univ: 846	29.40	31.25	0.0002	
Univ: 847	27.41	31.72	0.0000	
Univ: 848	29.73	28.69	0.0000	
Univ: 849	27.80	29.00	0.0006	
Univ: 850	32.50	31.39	0.0000	
Univ: 851	27.24	32.34	0.0000	
Univ: 852	29.22	29.46	0.0000	
Univ: 853	29.12	30.09	0.0057	
Univ: 854	28.36	31.85	0.0000	
Univ: 855	32.23	32.02	0.0000	
Univ: 856	31.02	30.34	0.0000	
Univ: 857	28.39	27.53	0.0146	
Univ: 858	26.77	28.84	0.0000	
Univ: 859	31.70	35.14	0.0000	
Univ: 860	34.94	32.23	0.0000	
Univ: 861	26.73	29.64	0.0001	
Univ: 862	26.40	28.49	0.0033	
Univ: 863	32.27	32.59	0.0000	
Univ: 864	25.70	32.35	0.0000	
Univ: 865	29.98	27.74	0.0024	
Univ: 866	32.98	32.91	0.0000	
Univ: 867	29.36	32.52	0.0000	
Univ: 868	26.67	29.54	0.0000	
Univ: 869	31.29	29.90	0.0000	
Univ: 870	28.85	28.60	0.0003	
Univ: 871	29.91	35.44	0.0000	
Univ: 872	29.72	30.14	0.0000	
Univ: 873	29.89	30.09	0.0002	
Univ: 874	27.52	30.98	0.0000	
Univ: 875	30.19	30.26	0.0004	
Univ: 876	28.31	30.46	0.0000	
Univ: 877	30.93	29.63	0.0000	
Univ: 878	27.27	26.48	0.0000	
Univ: 879	29.68	28.70	0.1831	
Univ: 880	27.05	29.14	0.0011	
Univ: 881	28.47	29.79	0.0000	
Univ: 882	27.71	28.70	0.0027	
Univ: 883	25.08	28.91	0.0001	
Univ: 884	32.12	30.14	0.0000	
Univ: 885	35.48	32.20	0.0000	
Univ: 886	30.48	31.13	0.0001	
Univ: 887	28.79	32.04	0.0000	
Univ: 888	27.87	35.89	0.0000	
Univ: 889	29.69	30.04	0.0000	
Univ: 890	25.05	33.94	0.0000	
Univ: 891	29.16	27.46	0.0383	
Univ: 892	29.70	27.00	0.0007	
Univ: 893	34.04	28.68	0.0000	
Univ: 894	31.28	30.84	0.0000	
Univ: 895	27.28	29.94	0.0000	
Univ: 896	26.13	29.63	0.0000	
Univ: 897	22.76	26.06	0.0002	
Univ: 898	35.28	31.65	0.0000	
Univ: 899	29.69	28.13	0.0634	
Univ: 900	30.88	28.83	0.0000	
Univ: 901	29.47	29.60	0.0003	
Univ: 902	29.71	29.86	0.0000	
Univ: 903	27.74	27.41	0.0001	
Univ: 904	32.44	29.02	0.0001	
Univ: 905	25.90	29.88	0.0002	
Univ: 906	28.64	28.88	0.0000	
Univ: 907	28.23	34.64	0.0000	
Univ: 908	28.47	30.18	0.0000	
Univ: 909	28.66	29.45	0.0000	
Univ: 910	31.13	29.40	0.0000	
Univ: 911	29.35	29.73	0.0000	
Univ: 912	29.43	27.80	0.0000	
Univ: 913	31.13	32.50	0.0000	
Univ: 914	26.80	29.22	0.0000	
Univ: 915	26.60	29.12	0.0000	
Univ: 916	34.13	28.39	0.0023	
Univ: 917	31.87	31.70	0.0000	
Univ: 918	32.84	34.94	0.0000	
Univ: 919	27.40	32.27	0.0000	
Univ: 920	27.74	29.98	0.0058	
Univ: 921	27.62	32.98	0.0000	
Univ: 922	28.22	29.72	0.0025	
Univ: 923	29.80	30.19	0.0000	
Univ: 924	30.84	28.31	0.0002	
Univ: 925	26.98	30.93	0.0000	
Univ: 926	31.20	29.68	0.0000	
Univ: 927	30.07	27.05	0.0001	
Univ: 928	25.29	28.47	0.0004	
Univ: 929	27.49	32.12	0.0000	
Univ: 930	28.36	35.48	0.0000	
Univ: 931	28.77	28.79	0.0012	
Univ: 932	37.14	29.69	0.0000	
Univ: 933	27.51	29.16	0.0009	
Univ: 934	26.16	29.70	0.0000	
Univ: 935	26.77	34.04	0.0000	
Univ: 936	27.73	31.28	0.0000	
Univ: 937	27.30	35.28	0.0000	
Univ: 938	26.28	29.69	0.0007	
Univ: 939	29.43	30.88	0.0000	
Univ: 940	31.73	29.47	0.0000	
Univ: 941	29.38	29.71	0.0000	
Univ: 942	30.87	32.44	0.0000	
Univ: 943	30.97	28.66	0.0000	
Univ: 944	29.99	31.13	0.0000	
Univ: 945	30.97	29.35	0.0001	
Univ: 946	29.36	29.43	0.0012	
Univ: 947	27.27	31.13	0.0001	
Univ: 948	28.03	26.80	0.0056	
Univ: 949	30.01	34.13	0.0000	
Univ: 950	31.05	31.87	0.0001	
Univ: 951	27.52	32.84	0.0000	
Univ: 952	28.74	27.40	0.0089	
Univ: 953	29.34	28.22	0.0000	
Univ: 954	30.62	29.80	0.0000	
Univ: 955	28.61	26.98	0.0001	
Univ: 956	26.36	30.07	0.0000	
Univ: 957	26.45	28.77	0.0000	
Univ: 958	26.64	37.14	0.0000	
Univ: 959	28.79	27.51	0.0001	
Univ: 960	30.55	26.77	0.0000	
Univ: 961	30.05	27.73	0.0143	
Univ: 962	30.92	29.43	0.0016	
Univ: 963	29.97	31.73	0.0000	
Univ: 964	32.47	29.38	0.0002	
Univ: 965	29.20	30.87	0.0000	
Univ: 966	26.19	30.97	0.0000	
Univ: 967	27.81	29.99	0.0000	
Univ: 968	27.93	30.97	0.0000	
Univ: 969	28.81	29.36	0.0000	
Univ: 970	29.63	28.03	0.0279	
Univ: 971	27.65	31.05	0.0000	
Univ: 972	27.84	28.74	0.0000	
Univ: 973	27.76	30.62	0.0000	
Univ: 974	28.64	28.79	0.0000	
Univ: 975	31.26	30.55	0.0004	
Univ: 976	33.06	30.05	0.0000	
Univ: 977	29.83	30.92	0.0000	
Univ: 978	27.18	32.47	0.0000	
Univ: 979	31.52	27.93	0.0421	
Univ: 980	32.34	28.81	0.0000	
Univ: 981	29.99	27.65	0.0000	
Univ: 982	26.92	27.84	0.0000	
Univ: 983	25.68	28.64	0.0000	
Univ: 984	30.40	33.06	0.0000	
Univ: 985	25.94	29.83	0.0000	
Univ: 986	28.57	31.52	0.0000	
Univ: 987	30.38	32.34	0.0000	
Univ: 988	25.90	25.94	0.0000	
Univ: 989	28.33	28.57	0.0000	
Univ: 990	27.61	30.38	0.0000	
Univ: 991	29.69	27.61	0.0193	
Univ: 992	31.13	29.69	0.0000	
Univ: 993	27.89	31.13	0.0000	
Univ: 994	33.93	33.93	0.0000	
Univ: 995	29.82	29.82	0.0000	
Univ: 996	32.28	32.28	0.0000	
Univ: 997	28.37	28.37	0.0062	
Univ: 998	27.73	27.73	0.0000	
Univ: 999	30.47	30.47	0.0000	
