CV:    -1	647.13	606.76	
Univ:   0	658.40	594.05	4.7996	
Univ:   1	594.05	628.22	0.4793	
Univ:   2	628.22	609.47	1.7721	
Univ:   3	602.95	606.63	0.0265	
Univ:   4	609.47	539.26	2.0172	
Univ:   5	686.09	641.90	18.2290	
Univ:   6	606.63	609.37	6.0805	
Univ:   7	674.23	599.18	0.0146	
Univ:   8	679.35	693.20	0.0004	
Univ:   9	539.26	600.64	1.7594	
Univ:  10	641.90	666.20	0.0766	
Univ:  11	688.80	617.23	0.7419	
Univ:  12	609.37	714.38	0.0040	
Univ:  13	674.68	531.37	0.9884	
Univ:  14	599.18	555.45	3.7430	
Univ:  15	693.20	554.47	2.3940	
Univ:  16	600.64	623.52	0.0000	
Univ:  17	666.20	612.47	1.1059	
Univ:  18	617.23	619.20	0.5576	
Univ:  19	680.77	630.59	0.4062	
Univ:  20	714.38	580.81	8.8922	
Univ:  21	687.23	595.32	1.5933	
Univ:  22	654.22	617.34	2.6269	
Univ:  23	665.64	669.69	0.0001	
Univ:  24	724.40	584.41	1.4874	
Univ:  25	531.37	653.84	7.7481	
Univ:  26	634.70	627.31	17.6498	
Univ:  27	657.95	647.70	0.0009	
Univ:  28	555.45	644.84	4.5745	
Univ:  29	639.42	710.20	0.0003	
Univ:  30	554.47	640.60	0.0193	
Univ:  31	623.52	670.68	0.0494	
Univ:  32	651.76	631.73	0.3966	
Univ:  33	612.47	639.91	1.6450	
Univ:  34	619.20	618.00	0.0201	
Univ:  35	661.40	654.51	0.0087	
Univ:  36	632.85	704.66	0.0244	
Univ:  37	709.99	614.87	0.0577	
Univ:  38	634.60	675.29	0.0001	
Univ:  39	698.53	657.87	0.0473	
Univ:  40	630.59	561.63	0.5808	
Univ:  41	580.81	592.05	14.5763	
Univ:  42	659.40	607.79	26.9529	
Univ:  43	595.32	691.77	0.7016	
Univ:  44	617.34	555.82	2.7736	
Univ:  45	780.04	656.70	0.0235	
Univ:  46	669.69	640.59	0.0095	
Univ:  47	654.92	639.06	0.0129	
Univ:  48	584.41	683.16	0.0008	
Univ:  49	658.42	707.99	0.0030	
Univ:  50	653.84	545.85	0.6466	
Univ:  51	627.31	604.00	0.0040	
Univ:  52	632.56	587.72	11.4931	
Univ:  53	653.54	656.29	2.6397	
Univ:  54	647.70	575.29	0.0894	
Univ:  55	644.84	698.81	0.0015	
Univ:  56	710.20	604.45	5.7128	
Univ:  57	655.20	670.56	0.0052	
Univ:  58	659.87	610.27	0.0783	
Univ:  59	711.07	613.87	0.0194	
Univ:  60	664.88	582.47	4.3324	
Univ:  61	685.53	575.22	1.0557	
Univ:  62	691.36	608.77	0.0226	
Univ:  63	640.60	674.62	0.0181	
Univ:  64	670.68	597.84	3.9175	
Univ:  65	631.73	618.92	0.0000	
Univ:  66	639.91	588.25	0.3415	
Univ:  67	618.00	683.25	0.0084	
Univ:  68	654.51	563.46	0.1674	
Univ:  69	704.66	633.35	0.0586	
Univ:  70	662.35	537.94	1.6557	
Univ:  71	614.87	637.41	0.0107	
Univ:  72	690.59	664.70	1.4372	
Univ:  73	675.29	669.34	0.0084	
Univ:  74	647.19	664.82	0.1002	
Univ:  75	605.04	644.59	0.0041	
Univ:  76	645.51	632.55	0.0228	
Univ:  77	657.87	592.81	0.0001	
Univ:  78	561.63	620.94	0.0120	
Univ:  79	600.65	659.37	0.0490	
Univ:  80	592.05	596.22	0.0345	
Univ:  81	607.79	566.84	10.2078	
Univ:  82	691.77	628.13	0.0006	
Univ:  83	641.65	663.63	0.0006	
Univ:  84	555.82	575.68	0.5262	
Univ:  85	662.16	644.14	6.2670	
Univ:  86	701.50	690.20	0.0189	
Univ:  87	670.46	641.34	2.3601	
Univ:  88	656.70	700.62	0.0079	
Univ:  89	703.73	538.93	1.9393	
Univ:  90	704.24	691.94	0.1171	
Univ:  91	646.45	564.66	4.6141	
Univ:  92	640.59	660.55	0.0016	
Univ:  93	707.23	578.03	0.0003	
Univ:  94	698.33	606.41	8.0226	
Univ:  95	639.06	625.93	0.0009	
Univ:  96	683.16	588.45	0.0862	
Univ:  97	690.69	587.93	0.1362	
Univ:  98	656.58	629.00	5.0591	
Univ:  99	707.99	684.97	0.0254	
Univ: 100	545.85	575.96	0.0020	
Univ: 101	720.11	605.95	2.7334	
Univ: 102	657.02	603.96	0.1932	
Univ: 103	708.32	619.09	0.0646	
Univ: 104	603.39	636.51	6.9364	
Univ: 105	657.93	606.42	22.2632	
Univ: 106	702.97	564.61	0.3077	
Univ: 107	604.00	613.57	0.2392	
Univ: 108	587.72	619.14	0.7333	
Univ: 109	656.29	659.66	0.0140	
Univ: 110	575.29	680.44	0.0016	
Univ: 111	698.81	660.13	2.5337	
Univ: 112	604.45	629.41	0.0015	
Univ: 113	624.54	564.20	0.0187	
Univ: 114	670.56	697.94	0.0056	
Univ: 115	677.47	635.23	0.0069	
Univ: 116	615.25	665.36	0.0106	
Univ: 117	724.33	652.95	0.0397	
Univ: 118	662.70	673.09	0.0440	
Univ: 119	663.37	610.12	2.1269	
Univ: 120	721.75	669.16	0.0488	
Univ: 121	665.59	609.35	0.0000	
Univ: 122	610.27	656.18	0.2953	
Univ: 123	613.87	598.54	0.2646	
Univ: 124	582.47	642.46	0.0061	
Univ: 125	575.22	645.41	0.0005	
Univ: 126	738.16	614.52	0.9268	
Univ: 127	619.45	649.87	6.5918	
Univ: 128	608.77	670.51	2.5873	
Univ: 129	699.98	627.50	6.4736	
Univ: 130	714.14	584.76	13.3334	
Univ: 131	656.80	598.89	5.9443	
Univ: 132	693.65	591.82	0.0003	
Univ: 133	663.82	622.07	0.0893	
Univ: 134	674.62	569.36	0.0272	
Univ: 135	770.88	583.09	1.2869	
Univ: 136	597.84	626.04	0.2487	
Univ: 137	766.55	602.80	0.0007	
Univ: 138	662.73	641.69	4.9736	
Univ: 139	618.92	605.08	0.0012	
Univ: 140	588.25	593.23	0.0367	
Univ: 141	683.25	618.96	0.2020	
Univ: 142	563.46	618.40	0.0157	
Univ: 143	633.35	685.80	0.0000	
Univ: 144	739.77	643.74	0.0557	
Univ: 145	537.94	676.09	0.0159	
Univ: 146	653.84	629.90	0.4268	
Univ: 147	637.41	642.29	1.3398	
Univ: 148	665.81	597.97	30.7099	
Univ: 149	664.70	662.23	6.3116	
Univ: 150	647.05	552.54	0.4250	
Univ: 151	669.34	531.92	0.0693	
Univ: 152	664.82	622.11	0.0024	
Univ: 153	635.40	597.19	1.5828	
Univ: 154	644.59	639.24	0.0046	
Univ: 155	684.32	550.81	2.2674	
Univ: 156	632.55	602.09	0.0554	
Univ: 157	656.87	645.96	0.1773	
Univ: 158	659.94	618.92	3.4980	
Univ: 159	710.46	582.35	12.5155	
Univ: 160	613.57	601.23	6.1035	
Univ: 161	592.81	633.27	0.8375	
Univ: 162	750.89	567.32	1.8636	
Univ: 163	620.94	633.43	0.0003	
Univ: 164	659.37	660.83	0.3594	
Univ: 165	596.22	647.41	0.0058	
Univ: 166	566.84	603.58	0.0004	
Univ: 167	739.50	599.17	0.0210	
Univ: 168	628.13	678.45	0.0334	
Univ: 169	663.63	619.62	0.0530	
Univ: 170	575.68	686.12	0.0005	
Univ: 171	644.14	560.08	1.8832	
Univ: 172	710.75	639.23	0.2410	
Univ: 173	731.69	663.65	0.0001	
Univ: 174	719.00	706.64	0.0002	
Univ: 175	664.92	531.81	1.8549	
Univ: 176	690.20	676.80	0.0001	
Univ: 177	641.34	632.29	0.5346	
Univ: 178	700.62	592.46	14.8848	
Univ: 179	538.93	665.33	0.0150	
Univ: 180	627.09	634.90	0.0429	
Univ: 181	734.66	684.78	0.0003	
Univ: 182	691.94	643.70	0.0023	
Univ: 183	626.84	636.90	0.0755	
Univ: 184	564.66	630.94	0.0592	
Univ: 185	660.55	674.70	0.0012	
Univ: 186	739.93	671.55	0.0348	
Univ: 187	764.73	612.33	0.1146	
Univ: 188	657.47	580.89	1.1583	
Univ: 189	753.61	605.14	9.6988	
Univ: 190	578.03	664.20	0.0561	
Univ: 191	606.41	633.90	0.0006	
Univ: 192	683.58	567.63	3.9773	
Univ: 193	669.07	660.97	0.1298	
Univ: 194	625.93	608.44	5.8177	
Univ: 195	664.40	612.15	7.6397	
Univ: 196	721.62	668.62	0.0286	
Univ: 197	583.34	590.05	0.5847	
Univ: 198	588.45	658.43	0.2290	
Univ: 199	665.50	604.81	21.0149	
Univ: 200	587.93	637.76	0.0015	
Univ: 201	629.00	625.56	0.0048	
Univ: 202	721.53	681.01	0.0749	
Univ: 203	684.97	625.41	14.6963	
Univ: 204	696.60	684.56	0.0003	
Univ: 205	575.96	635.73	0.0208	
Univ: 206	605.95	627.23	5.7900	
Univ: 207	704.38	592.94	0.0095	
Univ: 208	603.96	616.73	0.0022	
Univ: 209	724.21	578.24	0.2263	
Univ: 210	686.09	542.95	1.2614	
Univ: 211	619.09	672.37	0.0861	
Univ: 212	698.60	640.64	0.5203	
Univ: 213	702.20	634.63	0.3046	
Univ: 214	636.51	653.30	0.0161	
Univ: 215	687.26	581.64	14.7436	
Univ: 216	606.42	561.05	2.2251	
Univ: 217	564.61	629.51	0.0002	
Univ: 218	613.57	628.48	0.0075	
Univ: 219	647.05	628.91	0.3756	
Univ: 220	710.29	615.24	0.0001	
Univ: 221	727.26	657.81	0.0126	
Univ: 222	619.14	597.79	0.1208	
Univ: 223	659.66	673.63	0.0000	
Univ: 224	730.74	583.06	0.2889	
Univ: 225	648.19	571.72	1.2883	
Univ: 226	774.41	621.35	0.0537	
Univ: 227	680.44	658.65	0.8044	
Univ: 228	660.13	679.72	0.0001	
Univ: 229	765.99	679.37	0.0262	
Univ: 230	629.41	616.66	0.2674	
Univ: 231	564.20	663.51	0.4516	
Univ: 232	646.48	606.58	2.0138	
Univ: 233	697.94	569.34	0.0013	
Univ: 234	629.81	574.66	10.6045	
Univ: 235	700.97	652.91	4.4163	
Univ: 236	720.41	627.10	0.1870	
Univ: 237	671.12	646.13	0.0014	
Univ: 238	635.23	606.93	2.9187	
Univ: 239	633.53	655.07	0.0151	
Univ: 240	642.30	642.33	0.3601	
Univ: 241	686.74	635.08	1.6980	
Univ: 242	634.41	619.88	11.2155	
Univ: 243	665.36	590.63	5.9503	
Univ: 244	652.95	580.99	9.6685	
Univ: 245	673.09	599.24	1.1760	
Univ: 246	610.12	704.56	0.0013	
Univ: 247	669.16	668.74	0.2226	
Univ: 248	609.35	624.53	5.2150	
Univ: 249	748.09	602.23	4.4342	
Univ: 250	599.10	625.29	0.7946	
Univ: 251	618.95	618.84	0.0585	
Univ: 252	656.18	617.81	6.2176	
Univ: 253	598.54	669.71	0.1765	
Univ: 254	642.46	623.42	6.3874	
Univ: 255	665.55	589.16	0.4716	
Univ: 256	619.46	645.48	0.0414	
Univ: 257	615.16	563.90	0.1362	
Univ: 258	669.91	604.32	0.0151	
Univ: 259	645.41	589.26	0.0202	
Univ: 260	648.14	672.65	0.0034	
Univ: 261	614.52	623.26	0.0074	
Univ: 262	649.87	630.73	0.0028	
Univ: 263	692.93	591.52	14.7964	
Univ: 264	670.51	643.40	0.0607	
Univ: 265	708.58	628.82	0.0215	
Univ: 266	627.50	602.09	6.8750	
Univ: 267	584.76	628.70	1.6141	
Univ: 268	598.89	673.71	0.0536	
Univ: 269	660.94	614.18	0.0009	
Univ: 270	640.82	588.30	17.6768	
Univ: 271	684.85	631.96	0.7679	
Univ: 272	688.42	690.04	0.0000	
Univ: 273	591.82	644.47	2.1786	
Univ: 274	622.07	573.09	0.0592	
Univ: 275	667.23	620.12	4.0765	
Univ: 276	675.90	658.25	0.0000	
Univ: 277	654.09	675.86	0.0674	
Univ: 278	569.36	536.05	2.0462	
Univ: 279	698.47	663.82	0.0007	
Univ: 280	757.64	616.94	0.9124	
Univ: 281	610.65	642.68	11.1783	
Univ: 282	666.01	700.29	0.3769	
Univ: 283	583.09	639.79	0.7524	
Univ: 284	626.04	592.21	1.1459	
Univ: 285	602.80	539.43	0.4202	
Univ: 286	651.08	614.34	0.3485	
Univ: 287	641.69	656.37	8.6603	
Univ: 288	654.53	544.96	0.2390	
Univ: 289	689.53	611.68	3.0062	
Univ: 290	605.08	603.75	0.0157	
Univ: 291	593.23	684.85	0.0417	
Univ: 292	718.25	648.38	0.0059	
Univ: 293	688.40	675.56	0.0007	
Univ: 294	618.96	593.17	0.4264	
Univ: 295	704.07	615.05	2.0081	
Univ: 296	671.85	685.96	0.0023	
Univ: 297	618.40	652.97	16.8349	
Univ: 298	726.95	616.49	4.0699	
Univ: 299	685.80	644.01	0.3898	
Univ: 300	677.27	664.28	0.0543	
Univ: 301	713.89	621.42	0.0024	
Univ: 302	643.74	502.85	0.0122	
Univ: 303	676.09	569.57	0.0042	
Univ: 304	629.90	588.81	3.2037	
Univ: 305	642.29	662.69	0.0186	
Univ: 306	597.97	637.77	0.6695	
Univ: 307	662.23	635.41	0.8105	
Univ: 308	552.54	633.58	0.2080	
Univ: 309	531.92	659.83	1.5607	
Univ: 310	720.77	621.34	7.1465	
Univ: 311	609.10	649.47	0.0209	
Univ: 312	622.11	657.96	0.0804	
Univ: 313	597.19	609.12	4.3513	
Univ: 314	660.49	631.06	0.0067	
Univ: 315	699.76	632.11	0.0063	
Univ: 316	692.25	589.40	1.6807	
Univ: 317	639.24	564.40	0.2922	
Univ: 318	550.81	635.80	0.0008	
Univ: 319	602.09	612.93	13.8434	
Univ: 320	645.96	615.58	0.1130	
Univ: 321	618.92	587.39	0.2586	
Univ: 322	582.35	661.06	1.1302	
Univ: 323	747.58	635.89	0.9110	
Univ: 324	601.23	638.75	0.1457	
Univ: 325	697.21	611.16	0.0327	
Univ: 326	633.27	596.07	0.0002	
Univ: 327	674.16	667.57	0.0201	
Univ: 328	671.48	593.95	0.8027	
Univ: 329	567.32	604.68	0.4880	
Univ: 330	633.43	640.66	0.1981	
Univ: 331	660.83	618.16	0.0477	
Univ: 332	673.19	653.98	0.0125	
Univ: 333	717.60	611.62	0.2264	
Univ: 334	689.09	648.28	13.6813	
Univ: 335	681.48	662.89	0.0244	
Univ: 336	647.41	523.20	0.0887	
Univ: 337	603.58	609.33	16.7803	
Univ: 338	599.17	617.17	22.4286	
Univ: 339	667.80	696.91	0.1759	
Univ: 340	678.45	625.33	0.8105	
Univ: 341	613.73	591.98	0.4612	
Univ: 342	619.62	583.83	0.0024	
Univ: 343	686.12	652.24	0.0735	
Univ: 344	626.85	573.03	2.7639	
Univ: 345	560.08	603.10	0.5048	
Univ: 346	713.26	579.50	0.1904	
Univ: 347	669.00	600.51	0.1014	
Univ: 348	716.01	577.49	0.6703	
Univ: 349	639.23	674.83	0.0007	
Univ: 350	664.70	594.59	5.6875	
Univ: 351	663.65	622.86	0.6352	
Univ: 352	741.51	592.51	1.1435	
Univ: 353	706.64	596.88	0.2372	
Univ: 354	531.81	661.90	0.6716	
Univ: 355	663.30	648.81	0.0343	
Univ: 356	666.83	562.61	4.7618	
Univ: 357	718.92	620.68	5.4689	
Univ: 358	676.80	633.42	0.0030	
Univ: 359	632.29	624.82	0.0117	
Univ: 360	592.46	582.74	0.0235	
Univ: 361	737.00	602.21	1.1331	
Univ: 362	665.33	540.04	0.9613	
Univ: 363	710.91	598.51	0.0174	
Univ: 364	657.96	596.63	0.0000	
Univ: 365	634.90	639.73	0.0001	
Univ: 366	684.78	605.90	0.0169	
Univ: 367	675.40	608.33	1.5290	
Univ: 368	643.70	588.35	0.9813	
Univ: 369	636.90	611.18	2.7365	
Univ: 370	654.00	581.93	9.0738	
Univ: 371	630.94	645.28	0.0482	
Univ: 372	730.61	629.52	0.0086	
Univ: 373	674.70	629.94	0.0240	
Univ: 374	611.16	725.35	0.0307	
Univ: 375	656.25	663.77	0.0291	
Univ: 376	671.55	588.00	0.1758	
Univ: 377	606.86	619.08	2.3611	
Univ: 378	612.33	638.43	0.3195	
Univ: 379	651.59	623.65	0.4178	
Univ: 380	691.32	647.86	3.8291	
Univ: 381	580.89	591.79	7.2453	
Univ: 382	605.14	553.47	0.0675	
Univ: 383	701.44	638.78	11.9961	
Univ: 384	664.20	600.98	1.9574	
Univ: 385	633.90	702.60	0.0026	
Univ: 386	613.75	603.58	0.4697	
Univ: 387	567.63	659.32	0.0113	
Univ: 388	660.97	605.48	0.8464	
Univ: 389	677.01	674.55	0.1145	
Univ: 390	608.44	601.91	3.0815	
Univ: 391	729.57	588.71	8.0480	
Univ: 392	636.92	645.79	0.0045	
Univ: 393	678.06	641.21	0.0063	
Univ: 394	612.15	608.22	0.0012	
Univ: 395	668.62	625.07	1.2843	
Univ: 396	732.37	612.04	0.0033	
Univ: 397	590.05	540.12	0.1930	
Univ: 398	678.91	656.62	0.1864	
Univ: 399	694.40	586.48	0.0000	
Univ: 400	617.67	617.63	0.6373	
Univ: 401	652.52	643.42	0.1288	
Univ: 402	658.43	560.11	0.2784	
Univ: 403	604.81	591.66	0.0311	
Univ: 404	700.61	635.37	0.1043	
Univ: 405	716.71	624.61	0.5650	
Univ: 406	648.97	644.52	3.2724	
Univ: 407	665.18	608.34	0.1049	
Univ: 408	674.11	613.31	0.4202	
Univ: 409	650.45	662.18	0.1785	
Univ: 410	611.69	674.30	2.0844	
Univ: 411	663.27	683.03	0.0039	
Univ: 412	637.76	626.19	0.0053	
Univ: 413	625.56	686.92	0.0264	
Univ: 414	688.30	603.82	5.8217	
Univ: 415	681.01	577.94	1.3046	
Univ: 416	686.87	611.43	0.0720	
Univ: 417	666.72	598.57	0.5362	
Univ: 418	625.41	597.29	0.1466	
Univ: 419	671.34	651.81	0.0033	
Univ: 420	684.56	620.36	0.0010	
Univ: 421	635.73	706.11	0.0019	
Univ: 422	671.69	644.98	0.0023	
Univ: 423	610.38	636.79	0.2383	
Univ: 424	627.23	605.20	0.0138	
Univ: 425	592.94	667.39	0.0124	
Univ: 426	656.26	620.08	0.1004	
Univ: 427	690.53	578.35	0.0042	
Univ: 428	655.03	578.18	8.1962	
Univ: 429	616.73	618.71	0.2314	
Univ: 430	578.24	661.46	0.1158	
Univ: 431	705.94	541.54	0.9368	
Univ: 432	542.95	579.45	0.0321	
Univ: 433	672.37	595.03	2.4206	
Univ: 434	640.64	651.01	0.0010	
Univ: 435	836.72	599.36	0.0104	
Univ: 436	662.17	632.56	0.8342	
Univ: 437	715.95	628.78	1.5669	
Univ: 438	634.63	674.87	0.0014	
Univ: 439	653.30	733.72	0.0006	
Univ: 440	581.64	681.17	0.0260	
Univ: 441	561.05	598.99	0.2629	
Univ: 442	677.80	639.82	5.9711	
Univ: 443	629.51	592.71	0.1965	
Univ: 444	628.48	567.54	0.0702	
Univ: 445	745.74	671.60	1.1415	
Univ: 446	656.04	605.38	23.9161	
Univ: 447	628.91	706.03	0.0000	
Univ: 448	615.24	661.55	13.9463	
Univ: 449	619.85	674.45	0.3023	
Univ: 450	680.52	691.62	0.4548	
Univ: 451	657.81	637.78	2.1815	
Univ: 452	597.79	620.12	0.5119	
Univ: 453	706.29	610.32	2.7943	
Univ: 454	752.06	599.00	21.1727	
Univ: 455	673.63	672.27	0.0056	
Univ: 456	583.06	600.08	0.1038	
Univ: 457	713.12	570.99	0.5594	
Univ: 458	611.15	605.87	0.0016	
Univ: 459	663.64	613.22	5.8157	
Univ: 460	571.72	500.82	0.1335	
Univ: 461	621.35	631.74	12.6646	
Univ: 462	658.65	586.28	0.8824	
Univ: 463	679.72	628.14	0.0962	
Univ: 464	679.37	644.28	0.0430	
Univ: 465	616.66	661.49	4.3050	
Univ: 466	617.26	606.23	0.0151	
Univ: 467	690.11	644.25	0.0700	
Univ: 468	663.51	616.54	0.0137	
Univ: 469	606.58	687.40	0.0001	
Univ: 470	569.34	692.82	0.0072	
Univ: 471	666.62	562.06	0.0269	
Univ: 472	574.66	606.81	0.0296	
Univ: 473	741.76	672.73	3.3365	
Univ: 474	652.91	559.05	1.4278	
Univ: 475	627.10	635.39	2.7681	
Univ: 476	646.13	579.70	1.8295	
Univ: 477	600.46	618.40	0.0737	
Univ: 478	669.66	683.77	0.5887	
Univ: 479	680.07	621.84	0.7016	
Univ: 480	606.93	654.27	0.0231	
Univ: 481	611.89	612.14	0.0007	
Univ: 482	655.07	604.97	6.6250	
Univ: 483	667.53	619.08	14.3099	
Univ: 484	706.15	594.41	0.0185	
Univ: 485	747.54	670.11	0.2753	
Univ: 486	642.33	648.46	0.3365	
Univ: 487	630.14	629.76	3.5359	
Univ: 488	635.08	632.23	0.0021	
Univ: 489	619.88	647.90	0.0742	
Univ: 490	590.63	623.09	0.0538	
Univ: 491	580.99	716.90	0.0108	
Univ: 492	599.24	589.02	0.2402	
Univ: 493	689.35	684.07	0.1317	
Univ: 494	704.56	610.73	1.3161	
Univ: 495	668.74	602.79	6.9599	
Univ: 496	624.53	659.10	0.0072	
Univ: 497	718.31	574.01	0.0922	
Univ: 498	658.85	663.18	0.0177	
Univ: 499	654.54	625.47	0.0037	
Univ: 500	711.76	658.40	0.0312	
Univ: 501	602.23	602.95	0.0000	
Univ: 502	625.29	686.09	0.0000	
Univ: 503	618.84	674.23	0.0000	
Univ: 504	657.64	679.35	0.0005	
Univ: 505	617.81	688.80	0.0000	
Univ: 506	669.71	674.68	0.0001	
Univ: 507	623.42	680.77	0.0000	
Univ: 508	589.16	687.23	0.0000	
Univ: 509	648.40	654.22	0.0001	
Univ: 510	766.37	665.64	0.0000	
Univ: 511	674.14	724.40	0.0000	
Univ: 512	645.48	634.70	0.0000	
Univ: 513	643.76	657.95	0.0000	
Univ: 514	563.90	639.42	0.0018	
Univ: 515	604.32	651.76	0.0000	
Univ: 516	589.26	661.40	0.0126	
Univ: 517	680.72	632.85	0.0067	
Univ: 518	744.45	709.99	0.0000	
Univ: 519	669.61	634.60	0.0000	
Univ: 520	672.65	698.53	0.0000	
Univ: 521	623.26	659.40	0.0000	
Univ: 522	630.73	780.04	0.0000	
Univ: 523	703.60	654.92	0.0000	
Univ: 524	717.50	658.42	0.0000	
Univ: 525	641.24	632.56	0.1034	
Univ: 526	723.20	653.54	0.0001	
Univ: 527	656.99	655.20	0.0035	
Univ: 528	591.52	659.87	0.0002	
Univ: 529	643.40	711.07	0.0000	
Univ: 530	675.32	664.88	0.0000	
Univ: 531	628.82	685.53	0.0002	
Univ: 532	641.03	691.36	0.0000	
Univ: 533	655.27	662.35	0.0011	
Univ: 534	602.09	690.59	0.0000	
Univ: 535	670.68	647.19	0.0001	
Univ: 536	717.74	605.04	0.0119	
Univ: 537	628.70	645.51	0.0003	
Univ: 538	602.16	600.65	0.0240	
Univ: 539	608.35	641.65	0.0002	
Univ: 540	706.85	662.16	0.0068	
Univ: 541	649.65	701.50	0.0000	
Univ: 542	673.71	670.46	0.0011	
Univ: 543	614.18	703.73	0.0000	
Univ: 544	588.30	704.24	0.0000	
Univ: 545	670.54	646.45	0.0000	
Univ: 546	631.96	707.23	0.0000	
Univ: 547	690.04	698.33	0.0000	
Univ: 548	644.47	690.69	0.0000	
Univ: 549	668.67	656.58	0.0000	
Univ: 550	573.09	720.11	0.0000	
Univ: 551	620.12	657.02	0.0000	
Univ: 552	658.25	708.32	0.0001	
Univ: 553	757.64	603.39	0.0000	
Univ: 554	694.95	657.93	0.0000	
Univ: 555	675.86	702.97	0.0000	
Univ: 556	536.05	624.54	0.0000	
Univ: 557	663.15	677.47	0.0001	
Univ: 558	663.82	615.25	0.0003	
Univ: 559	674.01	724.33	0.0000	
Univ: 560	616.94	662.70	0.0000	
Univ: 561	642.68	663.37	0.0115	
Univ: 562	700.29	721.75	0.0000	
Univ: 563	684.20	665.59	0.0000	
Univ: 564	639.79	738.16	0.0000	
Univ: 565	622.09	619.45	0.0692	
Univ: 566	719.67	699.98	0.0000	
Univ: 567	592.21	714.14	0.0000	
Univ: 568	679.00	656.80	0.0000	
Univ: 569	639.61	693.65	0.0000	
Univ: 570	539.43	663.82	0.0001	
Univ: 571	614.34	770.88	0.0000	
Univ: 572	656.37	766.55	0.0000	
Univ: 573	656.59	662.73	0.0003	
Univ: 574	650.50	739.77	0.0000	
Univ: 575	680.70	653.84	0.0000	
Univ: 576	653.29	665.81	0.0000	
Univ: 577	544.96	647.05	0.0006	
Univ: 578	611.68	635.40	0.0006	
Univ: 579	603.75	684.32	0.0000	
Univ: 580	673.80	656.87	0.0000	
Univ: 581	627.62	659.94	0.0000	
Univ: 582	648.79	710.46	0.0005	
Univ: 583	602.70	613.57	0.0009	
Univ: 584	696.80	750.89	0.0000	
Univ: 585	687.25	739.50	0.0000	
Univ: 586	684.85	710.75	0.0000	
Univ: 587	648.38	731.69	0.0000	
Univ: 588	675.56	719.00	0.0000	
Univ: 589	664.84	664.92	0.0000	
Univ: 590	666.49	627.09	0.0021	
Univ: 591	654.50	734.66	0.0000	
Univ: 592	709.44	626.84	0.0000	
Univ: 593	593.17	739.93	0.0000	
Univ: 594	615.05	764.73	0.0000	
Univ: 595	649.64	657.47	0.0039	
Univ: 596	678.17	753.61	0.0000	
Univ: 597	692.36	683.58	0.0000	
Univ: 598	685.96	669.07	0.0001	
Univ: 599	689.77	664.40	0.0000	
Univ: 600	688.00	721.62	0.0000	
Univ: 601	740.65	583.34	0.0055	
Univ: 602	652.97	665.50	0.0115	
Univ: 603	710.24	721.53	0.0000	
Univ: 604	676.43	696.60	0.0000	
Univ: 605	616.49	704.38	0.0000	
Univ: 606	707.64	724.21	0.0000	
Univ: 607	644.01	686.09	0.0000	
Univ: 608	740.26	698.60	0.0000	
Univ: 609	664.28	702.20	0.0002	
Univ: 610	666.28	687.26	0.0000	
Univ: 611	682.81	647.05	0.0020	
Univ: 612	674.83	710.29	0.0000	
Univ: 613	621.42	727.26	0.0011	
Univ: 614	685.36	730.74	0.0000	
Univ: 615	657.26	648.19	0.0056	
Univ: 616	646.67	774.41	0.0000	
Univ: 617	502.85	765.99	0.0000	
Univ: 618	569.57	646.48	0.0000	
Univ: 619	588.81	629.81	0.0027	
Univ: 620	688.05	700.97	0.0000	
Univ: 621	710.21	720.41	0.0000	
Univ: 622	635.45	671.12	0.0014	
Univ: 623	662.69	633.53	0.0000	
Univ: 624	625.26	642.30	0.0000	
Univ: 625	637.77	686.74	0.0000	
Univ: 626	654.42	634.41	0.0000	
Univ: 627	635.41	748.09	0.0000	
Univ: 628	633.58	599.10	0.0000	
Univ: 629	668.82	618.95	0.0000	
Univ: 630	603.64	665.55	0.0000	
Univ: 631	659.83	619.46	0.0003	
Univ: 632	621.34	615.16	0.0153	
Univ: 633	649.47	669.91	0.0005	
Univ: 634	657.96	648.14	0.0000	
Univ: 635	708.10	692.93	0.0000	
Univ: 636	609.12	708.58	0.0000	
Univ: 637	640.67	660.94	0.0000	
Univ: 638	631.06	640.82	0.0001	
Univ: 639	632.11	684.85	0.0000	
Univ: 640	589.40	688.42	0.0000	
Univ: 641	760.06	667.23	0.0010	
Univ: 642	679.13	675.90	0.0000	
Univ: 643	644.94	654.09	0.0003	
Univ: 644	587.61	698.47	0.0000	
Univ: 645	564.40	757.64	0.0000	
Univ: 646	635.80	610.65	0.0001	
Univ: 647	612.93	666.01	0.0000	
Univ: 648	615.58	651.08	0.0000	
Univ: 649	587.39	654.53	0.0015	
Univ: 650	620.43	689.53	0.0000	
Univ: 651	661.06	718.25	0.0000	
Univ: 652	635.89	688.40	0.0002	
Univ: 653	629.08	704.07	0.0000	
Univ: 654	714.04	671.85	0.0000	
Univ: 655	627.32	726.95	0.0000	
Univ: 656	638.75	677.27	0.0000	
Univ: 657	611.16	713.89	0.0000	
Univ: 658	596.07	720.77	0.0009	
Univ: 659	667.57	609.10	0.0001	
Univ: 660	593.95	660.49	0.0198	
Univ: 661	604.68	699.76	0.0000	
Univ: 662	640.66	692.25	0.0000	
Univ: 663	618.16	747.58	0.0000	
Univ: 664	653.98	697.21	0.0002	
Univ: 665	611.62	674.16	0.0000	
Univ: 666	648.28	671.48	0.0002	
Univ: 667	670.27	673.19	0.0000	
Univ: 668	662.89	717.60	0.0000	
Univ: 669	695.07	689.09	0.0000	
Univ: 670	523.20	681.48	0.0000	
Univ: 671	609.33	667.80	0.0000	
Univ: 672	617.17	613.73	0.0148	
Univ: 673	634.34	626.85	0.0680	
Univ: 674	696.91	713.26	0.0000	
Univ: 675	625.33	669.00	0.0160	
Univ: 676	591.98	716.01	0.0000	
Univ: 677	660.10	664.70	0.0000	
Univ: 678	583.83	741.51	0.0000	
Univ: 679	678.99	663.30	0.0000	
Univ: 680	648.53	666.83	0.0066	
Univ: 681	603.53	718.92	0.0000	
Univ: 682	708.08	737.00	0.0000	
Univ: 683	652.24	710.91	0.0000	
Univ: 684	679.30	657.96	0.0000	
Univ: 685	647.10	675.40	0.0000	
Univ: 686	573.03	654.00	0.0026	
Univ: 687	603.10	730.61	0.0000	
Univ: 688	579.50	611.16	0.0000	
Univ: 689	600.51	656.25	0.0000	
Univ: 690	577.49	606.86	0.0001	
Univ: 691	687.81	651.59	0.0000	
Univ: 692	674.83	691.32	0.0009	
Univ: 693	594.59	701.44	0.0000	
Univ: 694	622.86	613.75	0.1048	
Univ: 695	592.51	677.01	0.0000	
Univ: 696	679.03	729.57	0.0000	
Univ: 697	710.67	636.92	0.0001	
Univ: 698	596.88	678.06	0.0000	
Univ: 699	658.94	732.37	0.0000	
Univ: 700	661.90	678.91	0.0000	
Univ: 701	648.81	694.40	0.0004	
Univ: 702	562.61	617.67	0.0021	
Univ: 703	620.68	652.52	0.0000	
Univ: 704	633.42	700.61	0.0000	
Univ: 705	624.82	716.71	0.0000	
Univ: 706	582.74	648.97	0.0001	
Univ: 707	602.21	665.18	0.0000	
Univ: 708	700.71	674.11	0.0088	
Univ: 709	540.04	650.45	0.0013	
Univ: 710	709.24	611.69	0.0006	
Univ: 711	652.62	663.27	0.0000	
Univ: 712	647.25	688.30	0.0017	
Univ: 713	598.51	686.87	0.0013	
Univ: 714	596.63	666.72	0.0007	
Univ: 715	723.59	671.34	0.0000	
Univ: 716	639.73	671.69	0.0010	
Univ: 717	605.90	610.38	0.0123	
Univ: 718	723.39	656.26	0.0000	
Univ: 719	712.82	690.53	0.0000	
Univ: 720	689.38	655.03	0.0000	
Univ: 721	725.11	705.94	0.0003	
Univ: 722	695.90	836.72	0.0000	
Univ: 723	608.33	662.17	0.0000	
Univ: 724	588.35	715.95	0.0000	
Univ: 725	611.18	677.80	0.0000	
Univ: 726	666.99	745.74	0.0000	
Univ: 727	641.00	656.04	0.0000	
Univ: 728	581.93	619.85	0.0011	
Univ: 729	672.63	680.52	0.0000	
Univ: 730	645.28	706.29	0.0000	
Univ: 731	629.52	752.06	0.0000	
Univ: 732	629.94	713.12	0.0000	
Univ: 733	801.92	611.15	0.0054	
Univ: 734	725.35	663.64	0.0011	
Univ: 735	710.15	617.26	0.0647	
Univ: 736	664.97	690.11	0.0000	
Univ: 737	663.77	666.62	0.0000	
Univ: 738	588.00	741.76	0.0000	
Univ: 739	619.08	600.46	0.0094	
Univ: 740	648.13	669.66	0.0019	
Univ: 741	730.99	680.07	0.0000	
Univ: 742	638.43	611.89	0.0000	
Univ: 743	623.65	667.53	0.0000	
Univ: 744	707.04	706.15	0.0000	
Univ: 745	647.86	747.54	0.0000	
Univ: 746	591.79	630.14	0.0006	
Univ: 747	553.47	689.35	0.0000	
Univ: 748	638.78	718.31	0.0000	
Univ: 749	600.98	658.85	0.0000	
Univ: 750	702.60	654.54	0.0000	
Univ: 751	603.58	711.76	0.0000	
Univ: 752	659.32	657.64	0.0367	
Univ: 753	605.48	648.40	0.0000	
Univ: 754	674.55	766.37	0.0000	
Univ: 755	601.91	674.14	0.0000	
Univ: 756	588.71	643.76	0.0000	
Univ: 757	645.79	680.72	0.0000	
Univ: 758	641.21	744.45	0.0000	
Univ: 759	628.72	669.61	0.0072	
Univ: 760	735.03	703.60	0.0000	
Univ: 761	720.96	717.50	0.0043	
Univ: 762	608.22	641.24	0.0000	
Univ: 763	625.07	723.20	0.0000	
Univ: 764	660.47	656.99	0.0000	
Univ: 765	675.21	675.32	0.0000	
Univ: 766	615.24	641.03	0.0338	
Univ: 767	612.04	655.27	0.0002	
Univ: 768	540.12	670.68	0.0004	
Univ: 769	796.16	717.74	0.0000	
Univ: 770	677.21	602.16	0.0000	
Univ: 771	656.62	608.35	0.0021	
Univ: 772	716.56	706.85	0.0000	
Univ: 773	586.48	649.65	0.0000	
Univ: 774	617.63	670.54	0.0000	
Univ: 775	701.22	668.67	0.0211	
Univ: 776	697.95	757.64	0.0000	
Univ: 777	643.42	694.95	0.0000	
Univ: 778	560.11	663.15	0.0000	
Univ: 779	591.66	674.01	0.0001	
Univ: 780	662.34	684.20	0.0000	
Univ: 781	676.75	622.09	0.0001	
Univ: 782	597.71	719.67	0.0000	
Univ: 783	635.37	679.00	0.0000	
Univ: 784	673.11	639.61	0.0004	
Univ: 785	624.61	656.59	0.0001	
Univ: 786	644.52	650.50	0.0000	
Univ: 787	608.34	680.70	0.0017	
Univ: 788	613.31	653.29	0.0001	
Univ: 789	662.18	673.80	0.0036	
Univ: 790	668.71	627.62	0.0105	
Univ: 791	665.38	648.79	0.0152	
Univ: 792	618.67	602.70	0.0005	
Univ: 793	665.60	696.80	0.0000	
Univ: 794	681.21	687.25	0.0000	
Univ: 795	709.59	664.84	0.0063	
Univ: 796	674.30	666.49	0.0000	
Univ: 797	683.03	654.50	0.0000	
Univ: 798	626.19	709.44	0.0000	
Univ: 799	686.92	649.64	0.0000	
Univ: 800	725.88	678.17	0.0000	
Univ: 801	603.82	692.36	0.0003	
Univ: 802	732.20	689.77	0.0005	
Univ: 803	577.94	688.00	0.0000	
Univ: 804	819.28	740.65	0.0000	
Univ: 805	680.94	710.24	0.0000	
Univ: 806	769.40	676.43	0.0000	
Univ: 807	611.43	707.64	0.0000	
Univ: 808	639.58	740.26	0.0001	
Univ: 809	601.05	666.28	0.0000	
Univ: 810	647.81	682.81	0.0012	
Univ: 811	598.57	674.83	0.0013	
Univ: 812	673.55	685.36	0.0001	
Univ: 813	597.29	657.26	0.0000	
Univ: 814	651.81	646.67	0.0047	
Univ: 815	620.36	688.05	0.0000	
Univ: 816	653.83	710.21	0.0000	
Univ: 817	706.11	635.45	0.0000	
Univ: 818	670.13	625.26	0.0000	
Univ: 819	644.98	654.42	0.0032	
Univ: 820	590.78	668.82	0.0000	
Univ: 821	636.79	603.64	0.0000	
Univ: 822	605.20	708.10	0.0000	
Univ: 823	717.22	640.67	0.0000	
Univ: 824	630.98	760.06	0.0000	
Univ: 825	657.10	679.13	0.0000	
Univ: 826	667.39	644.94	0.0014	
Univ: 827	646.10	587.61	0.0000	
Univ: 828	620.08	620.43	0.0070	
Univ: 829	671.89	629.08	0.0000	
Univ: 830	578.35	714.04	0.0000	
Univ: 831	578.18	627.32	0.0003	
Univ: 832	598.65	670.27	0.0000	
Univ: 833	618.71	695.07	0.0000	
Univ: 834	661.46	634.34	0.0004	
Univ: 835	541.54	660.10	0.0000	
Univ: 836	579.45	678.99	0.0000	
Univ: 837	595.03	648.53	0.0230	
Univ: 838	652.76	603.53	0.0120	
Univ: 839	667.32	708.08	0.0000	
Univ: 840	651.01	679.30	0.0000	
Univ: 841	599.36	647.10	0.0011	
Univ: 842	679.65	687.81	0.0000	
Univ: 843	757.65	679.03	0.0000	
Univ: 844	682.84	710.67	0.0000	
Univ: 845	676.61	658.94	0.0001	
Univ: 846	670.36	700.71	0.0002	
Univ: 847	632.56	709.24	0.0000	
Univ: 848	688.27	652.62	0.0000	
Univ: 849	621.11	647.25	0.0006	
Univ: 850	721.50	723.59	0.0000	
Univ: 851	628.78	723.39	0.0000	
Univ: 852	663.23	712.82	0.0000	
Univ: 853	651.86	689.38	0.0057	
Univ: 854	674.87	725.11	0.0000	
Univ: 855	733.72	695.90	0.0000	
Univ: 856	681.17	666.99	0.0000	
Univ: 857	665.86	641.00	0.0146	
Univ: 858	598.99	672.63	0.0000	
Univ: 859	738.41	801.92	0.0000	
Univ: 860	804.83	710.15	0.0000	
Univ: 861	639.82	664.97	0.0001	
Univ: 862	592.71	648.13	0.0033	
Univ: 863	703.54	730.99	0.0000	
Univ: 864	567.54	707.04	0.0000	
Univ: 865	672.78	628.72	0.0024	
Univ: 866	729.93	735.03	0.0000	
Univ: 867	671.60	720.96	0.0000	
Univ: 868	605.38	660.47	0.0000	
Univ: 869	706.03	675.21	0.0000	
Univ: 870	661.55	615.24	0.0003	
Univ: 871	674.45	796.16	0.0000	
Univ: 872	659.35	677.21	0.0000	
Univ: 873	691.62	716.56	0.0002	
Univ: 874	637.78	701.22	0.0000	
Univ: 875	681.76	697.95	0.0004	
Univ: 876	638.64	662.34	0.0000	
Univ: 877	704.99	676.75	0.0000	
Univ: 878	620.12	597.71	0.0000	
Univ: 879	684.62	673.11	0.1831	
Univ: 880	603.91	668.71	0.0011	
Univ: 881	653.13	665.38	0.0000	
Univ: 882	610.32	618.67	0.0027	
Univ: 883	599.00	665.60	0.0001	
Univ: 884	728.77	681.21	0.0000	
Univ: 885	755.67	709.59	0.0000	
Univ: 886	672.27	725.88	0.0001	
Univ: 887	670.10	732.20	0.0000	
Univ: 888	600.08	819.28	0.0000	
Univ: 889	690.74	680.94	0.0000	
Univ: 890	570.99	769.40	0.0000	
Univ: 891	662.43	639.58	0.0383	
Univ: 892	652.83	601.05	0.0007	
Univ: 893	761.68	647.81	0.0000	
Univ: 894	718.23	673.55	0.0000	
Univ: 895	605.87	653.83	0.0000	
Univ: 896	613.22	670.13	0.0000	
Univ: 897	500.82	590.78	0.0002	
Univ: 898	789.12	717.22	0.0000	
Univ: 899	688.70	630.98	0.0634	
Univ: 900	707.09	657.10	0.0000	
Univ: 901	647.91	646.10	0.0003	
Univ: 902	680.94	671.89	0.0000	
Univ: 903	631.74	598.65	0.0001	
Univ: 904	733.69	652.76	0.0001	
Univ: 905	586.28	667.32	0.0002	
Univ: 906	628.14	679.65	0.0000	
Univ: 907	644.28	757.65	0.0000	
Univ: 908	661.49	682.84	0.0000	
Univ: 909	668.40	676.61	0.0000	
Univ: 910	733.03	670.36	0.0000	
Univ: 911	662.47	688.27	0.0000	
Univ: 912	679.85	621.11	0.0000	
Univ: 913	694.96	721.50	0.0000	
Univ: 914	609.58	663.23	0.0000	
Univ: 915	606.23	651.86	0.0000	
Univ: 916	771.65	665.86	0.0023	
Univ: 917	702.24	738.41	0.0000	
Univ: 918	742.31	804.83	0.0000	
Univ: 919	618.83	703.54	0.0000	
Univ: 920	644.25	672.78	0.0058	
Univ: 921	616.54	729.93	0.0000	
Univ: 922	635.70	659.35	0.0025	
Univ: 923	666.97	681.76	0.0000	
Univ: 924	687.40	638.64	0.0002	
Univ: 925	598.33	704.99	0.0000	
Univ: 926	692.82	684.62	0.0000	
Univ: 927	670.69	603.91	0.0001	
Univ: 928	562.06	653.13	0.0004	
Univ: 929	606.81	728.77	0.0000	
Univ: 930	672.73	755.67	0.0000	
Univ: 931	637.46	670.10	0.0012	
Univ: 932	845.83	690.74	0.0000	
Univ: 933	599.96	662.43	0.0009	
Univ: 934	559.05	652.83	0.0000	
Univ: 935	594.30	761.68	0.0000	
Univ: 936	626.97	718.23	0.0000	
Univ: 937	635.39	789.12	0.0000	
Univ: 938	579.70	688.70	0.0007	
Univ: 939	666.24	707.09	0.0000	
Univ: 940	680.22	647.91	0.0000	
Univ: 941	660.43	680.94	0.0000	
Univ: 942	698.53	733.69	0.0000	
Univ: 943	699.40	668.40	0.0000	
Univ: 944	648.79	733.03	0.0000	
Univ: 945	671.62	662.47	0.0001	
Univ: 946	664.86	679.85	0.0012	
Univ: 947	618.40	694.96	0.0001	
Univ: 948	635.84	609.58	0.0056	
Univ: 949	683.77	771.65	0.0000	
Univ: 950	723.31	702.24	0.0001	
Univ: 951	621.84	742.31	0.0000	
Univ: 952	652.81	618.83	0.0089	
Univ: 953	654.27	635.70	0.0000	
Univ: 954	715.74	666.97	0.0000	
Univ: 955	612.14	598.33	0.0001	
Univ: 956	604.97	670.69	0.0000	
Univ: 957	619.08	637.46	0.0000	
Univ: 958	594.41	845.83	0.0000	
Univ: 959	692.15	599.96	0.0001	
Univ: 960	680.44	594.30	0.0000	
Univ: 961	669.39	626.97	0.0143	
Univ: 962	676.56	666.24	0.0016	
Univ: 963	670.11	680.22	0.0000	
Univ: 964	712.38	660.43	0.0002	
Univ: 965	648.46	698.53	0.0000	
Univ: 966	629.76	699.40	0.0000	
Univ: 967	632.23	648.79	0.0000	
Univ: 968	630.98	671.62	0.0000	
Univ: 969	648.23	664.86	0.0000	
Univ: 970	647.90	635.84	0.0279	
Univ: 971	610.90	723.31	0.0000	
Univ: 972	612.80	652.81	0.0000	
Univ: 973	623.09	715.74	0.0000	
Univ: 974	618.18	692.15	0.0000	
Univ: 975	716.90	680.44	0.0004	
Univ: 976	751.98	669.39	0.0000	
Univ: 977	653.43	676.56	0.0000	
Univ: 978	589.02	712.38	0.0000	
Univ: 979	714.57	630.98	0.0421	
Univ: 980	708.87	648.23	0.0000	
Univ: 981	684.07	610.90	0.0000	
Univ: 982	610.73	612.80	0.0000	
Univ: 983	602.79	618.18	0.0000	
Univ: 984	659.10	751.98	0.0000	
Univ: 985	609.77	653.43	0.0000	
Univ: 986	657.81	714.57	0.0000	
Univ: 987	674.23	708.87	0.0000	
Univ: 988	574.01	609.77	0.0000	
Univ: 989	663.18	657.81	0.0000	
Univ: 990	629.58	674.23	0.0000	
Univ: 991	661.27	629.58	0.0193	
Univ: 992	721.84	661.27	0.0000	
Univ: 993	625.47	721.84	0.0000	
Univ: 994	744.34	744.34	0.0000	
Univ: 995	646.17	646.17	0.0000	
Univ: 996	709.66	709.66	0.0000	
Univ: 997	648.19	648.19	0.0062	
Univ: 998	633.24	633.24	0.0000	
Univ: 999	678.76	678.76	0.0000	
