CV:    -1	1182.84	1065.00	
Univ:   0	1184.86	1077.84	4.7996	
Univ:   1	1077.84	1056.65	0.4793	
Univ:   2	1056.63	1119.13	1.7721	
Univ:   3	1301.64	1146.68	0.0265	
Univ:   4	1119.14	976.68	2.0172	
Univ:   5	1256.15	1056.91	18.2290	
Univ:   6	1146.68	1062.29	6.0805	
Univ:   7	1300.25	1180.83	0.0146	
Univ:   8	1196.67	1163.03	0.0004	
Univ:   9	976.67	1137.39	1.7594	
Univ:  10	1056.91	1171.07	0.0766	
Univ:  11	1247.97	1143.53	0.7419	
Univ:  12	1062.24	1174.35	0.0040	
Univ:  13	1195.03	984.45	0.9884	
Univ:  14	1180.83	1035.12	3.7430	
Univ:  15	1163.03	1014.72	2.3940	
Univ:  16	1137.39	1151.75	0.0000	
Univ:  17	1171.08	1151.75	1.1059	
Univ:  18	1143.53	1120.26	0.5576	
Univ:  19	1203.23	1092.92	0.4062	
Univ:  20	1174.35	1060.17	8.8922	
Univ:  21	1344.43	1113.66	1.5933	
Univ:  22	1220.24	1116.40	2.6269	
Univ:  23	1266.43	1185.33	0.0001	
Univ:  24	1325.48	1042.76	1.4874	
Univ:  25	984.46	1068.88	7.7481	
Univ:  26	1233.01	1076.08	17.6498	
Univ:  27	1300.85	1155.51	0.0009	
Univ:  28	1035.13	1085.80	4.5745	
Univ:  29	1210.00	1158.91	0.0003	
Univ:  30	1014.72	1148.57	0.0193	
Univ:  31	1151.70	1139.70	0.0494	
Univ:  32	1293.85	1166.55	0.3966	
Univ:  33	1151.73	1121.10	1.6450	
Univ:  34	1120.27	1144.03	0.0201	
Univ:  35	1205.09	1159.03	0.0087	
Univ:  36	1192.24	1170.70	0.0244	
Univ:  37	1262.47	1182.08	0.0577	
Univ:  38	1285.87	1179.29	0.0001	
Univ:  39	1261.20	1142.74	0.0473	
Univ:  40	1092.87	1105.28	0.5808	
Univ:  41	1060.17	1068.10	14.5763	
Univ:  42	1295.74	1012.42	26.9529	
Univ:  43	1113.66	1114.23	0.7016	
Univ:  44	1116.40	1049.90	2.7736	
Univ:  45	1451.00	1150.37	0.0235	
Univ:  46	1185.34	1157.18	0.0095	
Univ:  47	1305.85	1164.29	0.0129	
Univ:  48	1042.76	1190.73	0.0008	
Univ:  49	1316.08	1184.84	0.0030	
Univ:  50	1068.88	995.37	0.6466	
Univ:  51	1076.08	1142.00	0.0040	
Univ:  52	1185.73	1061.97	11.4931	
Univ:  53	1256.67	1122.52	2.6397	
Univ:  54	1155.51	1077.96	0.0894	
Univ:  55	1085.79	1179.40	0.0015	
Univ:  56	1158.92	1094.21	5.7128	
Univ:  57	1200.86	1164.49	0.0052	
Univ:  58	1240.19	1173.55	0.0783	
Univ:  59	1262.16	1162.46	0.0194	
Univ:  60	1294.36	1061.53	4.3324	
Univ:  61	1236.03	1075.13	1.0557	
Univ:  62	1310.06	1071.69	0.0226	
Univ:  63	1148.56	1179.70	0.0181	
Univ:  64	1139.70	1112.06	3.9175	
Univ:  65	1166.55	1118.65	0.0000	
Univ:  66	1121.11	1063.59	0.3415	
Univ:  67	1143.98	1173.67	0.0084	
Univ:  68	1159.04	1135.21	0.1674	
Univ:  69	1170.70	1159.19	0.0586	
Univ:  70	1213.52	1059.24	1.6557	
Univ:  71	1182.08	1175.96	0.0107	
Univ:  72	1318.29	1099.23	1.4372	
Univ:  73	1179.29	1162.66	0.0084	
Univ:  74	1231.39	1166.61	0.1002	
Univ:  75	1189.03	1099.42	0.0041	
Univ:  76	1210.03	1181.20	0.0228	
Univ:  77	1142.74	1151.29	0.0001	
Univ:  78	1105.28	1120.12	0.0120	
Univ:  79	1189.73	1169.67	0.0490	
Univ:  80	1068.10	1132.13	0.0345	
Univ:  81	1012.42	1022.28	10.2078	
Univ:  82	1114.23	1147.67	0.0006	
Univ:  83	1240.18	1190.69	0.0006	
Univ:  84	1049.86	1147.55	0.5262	
Univ:  85	1193.92	1090.66	6.2670	
Univ:  86	1245.72	1143.11	0.0189	
Univ:  87	1237.21	1048.69	2.3601	
Univ:  88	1150.37	1152.63	0.0079	
Univ:  89	1339.49	989.93	1.9393	
Univ:  90	1270.77	1136.15	0.1171	
Univ:  91	1264.98	1077.83	4.6141	
Univ:  92	1157.18	1181.76	0.0016	
Univ:  93	1243.61	1146.10	0.0003	
Univ:  94	1259.74	1057.44	8.0226	
Univ:  95	1164.29	1161.10	0.0009	
Univ:  96	1190.73	1123.37	0.0862	
Univ:  97	1382.59	1135.92	0.1362	
Univ:  98	1225.50	1104.31	5.0591	
Univ:  99	1184.84	1162.47	0.0254	
Univ: 100	995.37	1131.05	0.0020	
Univ: 101	1300.56	1129.67	2.7334	
Univ: 102	1237.28	1058.80	0.1932	
Univ: 103	1224.14	1173.02	0.0646	
Univ: 104	1227.61	1079.56	6.9364	
Univ: 105	1247.34	1075.84	22.2632	
Univ: 106	1271.27	1074.71	0.3077	
Univ: 107	1142.00	1111.40	0.2392	
Univ: 108	1061.97	1072.13	0.7333	
Univ: 109	1122.52	1170.87	0.0140	
Univ: 110	1077.96	1163.09	0.0016	
Univ: 111	1179.38	1073.63	2.5337	
Univ: 112	1094.21	1177.42	0.0015	
Univ: 113	1226.05	1181.52	0.0187	
Univ: 114	1164.49	1190.93	0.0056	
Univ: 115	1200.71	1125.50	0.0069	
Univ: 116	1208.49	1168.73	0.0106	
Univ: 117	1207.48	1140.59	0.0397	
Univ: 118	1306.42	1154.36	0.0440	
Univ: 119	1204.25	1058.86	2.1269	
Univ: 120	1318.36	1153.06	0.0488	
Univ: 121	1244.62	1180.58	0.0000	
Univ: 122	1173.55	1161.16	0.2953	
Univ: 123	1162.46	1150.36	0.2646	
Univ: 124	1061.34	1138.75	0.0061	
Univ: 125	1075.13	1166.70	0.0005	
Univ: 126	1269.01	1123.12	0.9268	
Univ: 127	1200.15	1065.62	6.5918	
Univ: 128	1071.70	1125.97	2.5873	
Univ: 129	1351.29	1116.17	6.4736	
Univ: 130	1349.07	1059.37	13.3334	
Univ: 131	1334.80	1081.58	5.9443	
Univ: 132	1230.70	1086.60	0.0003	
Univ: 133	1251.82	1148.09	0.0893	
Univ: 134	1179.69	1059.34	0.0272	
Univ: 135	1320.32	1119.26	1.2869	
Univ: 136	1112.06	1134.50	0.2487	
Univ: 137	1303.04	1092.80	0.0007	
Univ: 138	1201.38	1110.78	4.9736	
Univ: 139	1118.64	1172.53	0.0012	
Univ: 140	1063.43	1120.53	0.0367	
Univ: 141	1173.63	1119.11	0.2020	
Univ: 142	1135.20	1141.88	0.0157	
Univ: 143	1159.19	1166.46	0.0000	
Univ: 144	1295.15	1134.98	0.0557	
Univ: 145	1059.24	1177.39	0.0159	
Univ: 146	1245.38	1150.33	0.4268	
Univ: 147	1175.92	1111.29	1.3398	
Univ: 148	1237.18	1055.79	30.7099	
Univ: 149	1099.21	1094.68	6.3116	
Univ: 150	1230.88	1066.28	0.4250	
Univ: 151	1162.67	1073.83	0.0693	
Univ: 152	1166.61	1180.67	0.0024	
Univ: 153	1221.11	1116.92	1.5828	
Univ: 154	1099.41	1143.78	0.0046	
Univ: 155	1256.37	992.00	2.2674	
Univ: 156	1181.19	1179.17	0.0554	
Univ: 157	1259.80	1177.21	0.1773	
Univ: 158	1250.08	1098.06	3.4980	
Univ: 159	1220.12	1087.00	12.5155	
Univ: 160	1218.09	1092.54	6.1035	
Univ: 161	1151.30	1151.99	0.8375	
Univ: 162	1275.84	1103.24	1.8636	
Univ: 163	1120.12	1190.45	0.0003	
Univ: 164	1169.68	1160.11	0.3594	
Univ: 165	1132.13	1168.66	0.0058	
Univ: 166	1022.27	1164.31	0.0004	
Univ: 167	1305.20	1136.25	0.0210	
Univ: 168	1147.67	1171.09	0.0334	
Univ: 169	1190.58	1149.68	0.0530	
Univ: 170	1147.55	1187.47	0.0005	
Univ: 171	1090.66	1099.27	1.8832	
Univ: 172	1259.25	1150.07	0.2410	
Univ: 173	1322.98	1194.58	0.0001	
Univ: 174	1251.28	1172.99	0.0002	
Univ: 175	1202.51	1020.99	1.8549	
Univ: 176	1143.11	1187.60	0.0001	
Univ: 177	1048.69	1145.45	0.5346	
Univ: 178	1152.62	1076.40	14.8848	
Univ: 179	989.94	1153.26	0.0150	
Univ: 180	1199.02	1115.03	0.0429	
Univ: 181	1229.77	1184.60	0.0003	
Univ: 182	1136.15	1175.84	0.0023	
Univ: 183	1244.88	1135.70	0.0755	
Univ: 184	1077.83	1136.61	0.0592	
Univ: 185	1181.76	1153.08	0.0012	
Univ: 186	1404.90	1161.50	0.0348	
Univ: 187	1353.11	1119.14	0.1146	
Univ: 188	1199.61	1135.44	1.1583	
Univ: 189	1414.83	1043.56	9.6988	
Univ: 190	1146.10	1168.57	0.0561	
Univ: 191	1057.44	1191.65	0.0006	
Univ: 192	1278.26	1079.16	3.9773	
Univ: 193	1223.03	1148.61	0.1298	
Univ: 194	1161.07	1095.31	5.8177	
Univ: 195	1259.87	1105.56	7.6397	
Univ: 196	1194.90	1180.45	0.0286	
Univ: 197	1205.04	1079.45	0.5847	
Univ: 198	1123.37	1117.17	0.2290	
Univ: 199	1205.82	1064.33	21.0149	
Univ: 200	1135.90	1175.64	0.0015	
Univ: 201	1104.31	1169.76	0.0048	
Univ: 202	1301.37	1147.21	0.0749	
Univ: 203	1162.47	1062.13	14.6963	
Univ: 204	1388.62	1169.04	0.0003	
Univ: 205	1131.05	1186.01	0.0208	
Univ: 206	1129.67	1103.74	5.7900	
Univ: 207	1246.73	1181.01	0.0095	
Univ: 208	1058.80	1183.35	0.0022	
Univ: 209	1287.88	1104.39	0.2263	
Univ: 210	1439.56	1051.71	1.2614	
Univ: 211	1173.02	1161.53	0.0861	
Univ: 212	1243.10	1161.27	0.5203	
Univ: 213	1220.43	1133.91	0.3046	
Univ: 214	1079.56	1134.83	0.0161	
Univ: 215	1267.82	1059.43	14.7436	
Univ: 216	1075.84	1082.83	2.2251	
Univ: 217	1074.70	1190.62	0.0002	
Univ: 218	1111.39	1183.65	0.0075	
Univ: 219	1240.64	1129.76	0.3756	
Univ: 220	1273.70	1190.88	0.0001	
Univ: 221	1195.23	1163.76	0.0126	
Univ: 222	1072.09	1094.93	0.1208	
Univ: 223	1170.87	1155.61	0.0000	
Univ: 224	1511.18	1129.83	0.2889	
Univ: 225	1206.80	1087.40	1.2883	
Univ: 226	1330.76	1181.82	0.0537	
Univ: 227	1163.10	1098.75	0.8044	
Univ: 228	1073.64	1188.02	0.0001	
Univ: 229	1475.48	1154.56	0.0262	
Univ: 230	1177.42	1157.51	0.2674	
Univ: 231	1181.52	1118.08	0.4516	
Univ: 232	1318.10	1121.39	2.0138	
Univ: 233	1190.93	1149.37	0.0013	
Univ: 234	1209.66	1053.51	10.6045	
Univ: 235	1234.92	1115.21	4.4163	
Univ: 236	1384.28	1162.67	0.1870	
Univ: 237	1234.90	1161.21	0.0014	
Univ: 238	1125.51	1125.78	2.9187	
Univ: 239	1230.77	1155.61	0.0151	
Univ: 240	1268.26	1147.16	0.3601	
Univ: 241	1364.04	1135.39	1.6980	
Univ: 242	1288.58	1079.44	11.2155	
Univ: 243	1168.72	1106.19	5.9503	
Univ: 244	1140.59	1051.88	9.6685	
Univ: 245	1154.31	1119.27	1.1760	
Univ: 246	1058.87	1180.34	0.0013	
Univ: 247	1153.02	1157.93	0.2226	
Univ: 248	1180.58	1121.29	5.2150	
Univ: 249	1303.51	1090.05	4.4342	
Univ: 250	1198.07	1150.44	0.7946	
Univ: 251	1313.61	1164.18	0.0585	
Univ: 252	1161.16	1114.42	6.2176	
Univ: 253	1150.36	1137.95	0.1765	
Univ: 254	1138.73	1087.43	6.3874	
Univ: 255	1232.51	1127.46	0.4716	
Univ: 256	1202.75	1162.01	0.0414	
Univ: 257	1197.56	1054.20	0.1362	
Univ: 258	1196.69	1154.07	0.0151	
Univ: 259	1166.70	1163.00	0.0202	
Univ: 260	1337.96	1147.49	0.0034	
Univ: 261	1123.09	1174.49	0.0074	
Univ: 262	1065.60	1177.81	0.0028	
Univ: 263	1305.72	1031.69	14.7964	
Univ: 264	1125.98	1170.25	0.0607	
Univ: 265	1306.70	1137.60	0.0215	
Univ: 266	1116.17	1094.42	6.8750	
Univ: 267	1059.33	1069.47	1.6141	
Univ: 268	1081.58	1142.46	0.0536	
Univ: 269	1245.13	1161.36	0.0009	
Univ: 270	1244.17	1035.51	17.6768	
Univ: 271	1263.30	1137.61	0.7679	
Univ: 272	1297.42	1191.82	0.0000	
Univ: 273	1086.60	1113.13	2.1786	
Univ: 274	1148.09	1128.94	0.0592	
Univ: 275	1218.39	1100.65	4.0765	
Univ: 276	1320.98	1156.51	0.0000	
Univ: 277	1219.57	1118.40	0.0674	
Univ: 278	1059.14	982.07	2.0462	
Univ: 279	1285.99	1170.93	0.0007	
Univ: 280	1416.49	1126.13	0.9124	
Univ: 281	1214.35	1110.13	11.1783	
Univ: 282	1260.97	1104.27	0.3769	
Univ: 283	1119.27	1134.90	0.7524	
Univ: 284	1134.50	1120.04	1.1459	
Univ: 285	1092.80	1024.37	0.4202	
Univ: 286	1244.55	1073.75	0.3485	
Univ: 287	1110.78	1092.18	8.6603	
Univ: 288	1202.40	990.36	0.2390	
Univ: 289	1405.74	1123.63	3.0062	
Univ: 290	1172.53	1124.96	0.0157	
Univ: 291	1120.53	1168.78	0.0417	
Univ: 292	1402.52	1154.39	0.0059	
Univ: 293	1208.64	1174.07	0.0007	
Univ: 294	1119.11	1033.33	0.4264	
Univ: 295	1215.46	1111.84	2.0081	
Univ: 296	1245.57	1164.20	0.0023	
Univ: 297	1141.88	1087.70	16.8349	
Univ: 298	1330.62	1117.11	4.0699	
Univ: 299	1166.26	1162.87	0.3898	
Univ: 300	1245.84	1161.46	0.0543	
Univ: 301	1254.48	1161.82	0.0024	
Univ: 302	1134.96	967.41	0.0122	
Univ: 303	1177.39	1126.86	0.0042	
Univ: 304	1150.32	981.58	3.2037	
Univ: 305	1111.29	1143.48	0.0186	
Univ: 306	1055.80	1127.37	0.6695	
Univ: 307	1094.67	1084.61	0.8105	
Univ: 308	1066.21	1161.80	0.2080	
Univ: 309	1073.83	1017.78	1.5607	
Univ: 310	1219.26	1090.39	7.1465	
Univ: 311	1208.67	1175.50	0.0209	
Univ: 312	1180.64	1155.83	0.0804	
Univ: 313	1116.92	1050.32	4.3513	
Univ: 314	1192.19	1169.54	0.0067	
Univ: 315	1327.47	1177.17	0.0063	
Univ: 316	1329.50	1085.68	1.6807	
Univ: 317	1143.78	1066.87	0.2922	
Univ: 318	992.00	1172.64	0.0008	
Univ: 319	1179.16	1098.47	13.8434	
Univ: 320	1177.21	1133.86	0.1130	
Univ: 321	1098.05	1146.27	0.2586	
Univ: 322	1087.00	1118.43	1.1302	
Univ: 323	1300.33	1137.06	0.9110	
Univ: 324	1092.54	1157.21	0.1457	
Univ: 325	1222.19	1148.59	0.0327	
Univ: 326	1151.99	1180.72	0.0002	
Univ: 327	1337.63	1172.71	0.0201	
Univ: 328	1247.03	1097.52	0.8027	
Univ: 329	1103.20	1078.40	0.4880	
Univ: 330	1190.42	1121.05	0.1981	
Univ: 331	1160.11	1117.29	0.0477	
Univ: 332	1293.43	1179.65	0.0125	
Univ: 333	1290.73	1159.10	0.2264	
Univ: 334	1274.59	1060.00	13.6813	
Univ: 335	1284.27	1186.83	0.0244	
Univ: 336	1168.64	957.20	0.0887	
Univ: 337	1164.30	1075.86	16.7803	
Univ: 338	1136.23	1043.27	22.4286	
Univ: 339	1276.81	1124.85	0.1759	
Univ: 340	1171.09	1104.41	0.8105	
Univ: 341	1205.07	1116.34	0.4612	
Univ: 342	1149.68	1140.13	0.0024	
Univ: 343	1187.47	1168.10	0.0735	
Univ: 344	1179.06	1098.32	2.7639	
Univ: 345	1099.14	1119.53	0.5048	
Univ: 346	1334.38	1162.95	0.1904	
Univ: 347	1193.08	1153.10	0.1014	
Univ: 348	1290.89	1021.72	0.6703	
Univ: 349	1150.05	1154.04	0.0007	
Univ: 350	1252.02	1027.54	5.6875	
Univ: 351	1194.58	1112.19	0.6352	
Univ: 352	1332.78	1067.93	1.1435	
Univ: 353	1172.92	1104.44	0.2372	
Univ: 354	1020.99	1153.97	0.6716	
Univ: 355	1213.48	1167.15	0.0343	
Univ: 356	1215.74	1087.60	4.7618	
Univ: 357	1330.16	1101.41	5.4689	
Univ: 358	1187.59	1139.00	0.0030	
Univ: 359	1145.45	1177.29	0.0117	
Univ: 360	1076.40	1157.38	0.0235	
Univ: 361	1226.61	1140.10	1.1331	
Univ: 362	1153.27	980.75	0.9613	
Univ: 363	1227.19	1154.66	0.0174	
Univ: 364	1262.78	1189.34	0.0000	
Univ: 365	1114.99	1184.75	0.0001	
Univ: 366	1184.60	1138.99	0.0169	
Univ: 367	1400.23	1126.35	1.5290	
Univ: 368	1175.84	1101.94	0.9813	
Univ: 369	1135.70	1063.19	2.7365	
Univ: 370	1225.25	1010.38	9.0738	
Univ: 371	1136.60	1135.08	0.0482	
Univ: 372	1270.93	1163.95	0.0086	
Univ: 373	1153.08	1185.34	0.0240	
Univ: 374	1281.01	1167.88	0.0307	
Univ: 375	1245.86	1170.26	0.0291	
Univ: 376	1161.50	1085.77	0.1758	
Univ: 377	1210.40	1106.08	2.3611	
Univ: 378	1119.14	1109.95	0.3195	
Univ: 379	1246.87	1080.72	0.4178	
Univ: 380	1222.58	1102.23	3.8291	
Univ: 381	1135.41	1091.87	7.2453	
Univ: 382	1043.56	1107.87	0.0675	
Univ: 383	1327.00	1056.57	11.9961	
Univ: 384	1168.57	1140.65	1.9574	
Univ: 385	1191.55	1150.38	0.0026	
Univ: 386	1179.96	1126.97	0.4697	
Univ: 387	1079.16	1182.42	0.0113	
Univ: 388	1148.61	1074.05	0.8464	
Univ: 389	1259.18	1168.91	0.1145	
Univ: 390	1095.32	1076.77	3.0815	
Univ: 391	1253.05	1088.78	8.0480	
Univ: 392	1226.91	1165.24	0.0045	
Univ: 393	1253.93	1156.84	0.0063	
Univ: 394	1105.55	1154.78	0.0012	
Univ: 395	1180.42	1104.84	1.2843	
Univ: 396	1263.20	1162.26	0.0033	
Univ: 397	1079.46	1119.07	0.1930	
Univ: 398	1249.48	1154.36	0.1864	
Univ: 399	1204.50	1188.33	0.0000	
Univ: 400	1198.75	1137.84	0.6373	
Univ: 401	1297.06	1132.21	0.1288	
Univ: 402	1117.17	1046.38	0.2784	
Univ: 403	1064.34	1136.45	0.0311	
Univ: 404	1263.55	1180.51	0.1043	
Univ: 405	1296.25	1105.34	0.5650	
Univ: 406	1211.16	1135.61	3.2724	
Univ: 407	1214.50	1174.04	0.1049	
Univ: 408	1210.53	1150.22	0.4202	
Univ: 409	1226.75	1179.59	0.1785	
Univ: 410	1209.28	1125.38	2.0844	
Univ: 411	1280.20	1167.82	0.0039	
Univ: 412	1175.65	1165.34	0.0053	
Univ: 413	1169.76	1182.36	0.0264	
Univ: 414	1190.65	1113.77	5.8217	
Univ: 415	1147.21	1086.80	1.3046	
Univ: 416	1199.61	1130.08	0.0720	
Univ: 417	1225.70	1147.51	0.5362	
Univ: 418	1062.13	1020.48	0.1466	
Univ: 419	1208.98	1164.79	0.0033	
Univ: 420	1169.04	1136.00	0.0010	
Univ: 421	1186.01	1139.56	0.0019	
Univ: 422	1205.74	1171.59	0.0023	
Univ: 423	1209.09	1146.12	0.2383	
Univ: 424	1103.74	1138.33	0.0138	
Univ: 425	1180.99	1171.37	0.0124	
Univ: 426	1245.40	1151.28	0.1004	
Univ: 427	1359.79	1145.82	0.0042	
Univ: 428	1258.15	1082.37	8.1962	
Univ: 429	1183.35	1121.62	0.2314	
Univ: 430	1104.39	1171.38	0.1158	
Univ: 431	1223.16	1045.99	0.9368	
Univ: 432	1051.69	1096.60	0.0321	
Univ: 433	1161.52	1099.59	2.4206	
Univ: 434	1161.27	1174.81	0.0010	
Univ: 435	1431.23	1139.06	0.0104	
Univ: 436	1353.45	1132.64	0.8342	
Univ: 437	1220.16	1122.23	1.5669	
Univ: 438	1133.91	1172.14	0.0014	
Univ: 439	1134.83	1189.61	0.0006	
Univ: 440	1059.40	1134.66	0.0260	
Univ: 441	1082.84	1132.51	0.2629	
Univ: 442	1255.52	1120.05	5.9711	
Univ: 443	1190.63	1139.88	0.1965	
Univ: 444	1183.62	1130.10	0.0702	
Univ: 445	1315.13	1116.11	1.1415	
Univ: 446	1258.33	1070.31	23.9161	
Univ: 447	1129.76	1189.33	0.0000	
Univ: 448	1190.86	1076.06	13.9463	
Univ: 449	1201.59	1067.73	0.3023	
Univ: 450	1316.43	1148.14	0.4548	
Univ: 451	1163.76	1079.59	2.1815	
Univ: 452	1094.88	1143.30	0.5119	
Univ: 453	1304.79	1063.85	2.7943	
Univ: 454	1312.61	1063.18	21.1727	
Univ: 455	1155.61	1147.54	0.0056	
Univ: 456	1129.83	1147.15	0.1038	
Univ: 457	1284.65	1134.00	0.5594	
Univ: 458	1194.03	1147.15	0.0016	
Univ: 459	1202.87	1114.82	5.8157	
Univ: 460	1087.39	953.02	0.1335	
Univ: 461	1181.83	1078.15	12.6646	
Univ: 462	1098.75	1115.27	0.8824	
Univ: 463	1188.02	1173.30	0.0962	
Univ: 464	1154.57	1144.88	0.0430	
Univ: 465	1157.50	1054.57	4.3050	
Univ: 466	1193.01	1123.80	0.0151	
Univ: 467	1301.86	1181.94	0.0700	
Univ: 468	1118.06	1159.51	0.0137	
Univ: 469	1121.39	1169.58	0.0001	
Univ: 470	1149.37	1168.93	0.0072	
Univ: 471	1235.50	1155.96	0.0269	
Univ: 472	1053.51	1134.38	0.0296	
Univ: 473	1413.61	1116.64	3.3365	
Univ: 474	1115.21	1059.49	1.4278	
Univ: 475	1162.67	1059.17	2.7681	
Univ: 476	1161.21	1130.01	1.8295	
Univ: 477	1201.70	1129.52	0.0737	
Univ: 478	1226.58	1113.92	0.5887	
Univ: 479	1254.18	1094.76	0.7016	
Univ: 480	1125.79	1135.25	0.0231	
Univ: 481	1220.64	1140.22	0.0007	
Univ: 482	1155.61	1063.59	6.6250	
Univ: 483	1320.06	1058.33	14.3099	
Univ: 484	1308.43	1158.82	0.0185	
Univ: 485	1312.70	1135.25	0.2753	
Univ: 486	1147.14	1155.11	0.3365	
Univ: 487	1231.96	1114.86	3.5359	
Univ: 488	1135.39	1099.42	0.0021	
Univ: 489	1079.44	1164.67	0.0742	
Univ: 490	1106.19	1150.76	0.0538	
Univ: 491	1051.88	1173.05	0.0108	
Univ: 492	1119.27	1137.37	0.2402	
Univ: 493	1243.10	1147.45	0.1317	
Univ: 494	1180.34	1078.74	1.3161	
Univ: 495	1157.93	1067.60	6.9599	
Univ: 496	1121.29	1165.72	0.0072	
Univ: 497	1399.39	1162.75	0.0922	
Univ: 498	1241.13	1182.68	0.0177	
Univ: 499	1344.17	1169.77	0.0037	
Univ: 500	1228.90	1184.85	0.0312	
Univ: 501	1090.04	1301.64	0.0000	
Univ: 502	1150.45	1256.14	0.0000	
Univ: 503	1164.18	1300.25	0.0000	
Univ: 504	1179.19	1196.66	0.0005	
Univ: 505	1114.42	1247.97	0.0000	
Univ: 506	1137.94	1195.03	0.0001	
Univ: 507	1087.44	1203.23	0.0000	
Univ: 508	1127.46	1344.43	0.0000	
Univ: 509	1241.62	1220.24	0.0001	
Univ: 510	1279.75	1266.45	0.0000	
Univ: 511	1255.85	1325.57	0.0000	
Univ: 512	1162.01	1233.03	0.0000	
Univ: 513	1263.83	1300.86	0.0000	
Univ: 514	1054.20	1210.00	0.0018	
Univ: 515	1154.07	1293.86	0.0000	
Univ: 516	1163.00	1205.10	0.0126	
Univ: 517	1335.89	1192.24	0.0067	
Univ: 518	1395.01	1262.47	0.0000	
Univ: 519	1196.64	1285.86	0.0000	
Univ: 520	1147.49	1261.20	0.0000	
Univ: 521	1174.49	1295.75	0.0000	
Univ: 522	1177.80	1451.00	0.0000	
Univ: 523	1215.38	1305.85	0.0000	
Univ: 524	1190.88	1316.10	0.0000	
Univ: 525	1254.32	1185.73	0.1034	
Univ: 526	1342.95	1256.67	0.0001	
Univ: 527	1267.62	1200.87	0.0035	
Univ: 528	1031.69	1240.20	0.0002	
Univ: 529	1170.25	1262.16	0.0000	
Univ: 530	1208.20	1294.36	0.0000	
Univ: 531	1137.60	1236.03	0.0002	
Univ: 532	1201.13	1310.06	0.0000	
Univ: 533	1192.56	1213.52	0.0011	
Univ: 534	1094.42	1318.29	0.0000	
Univ: 535	1232.34	1231.38	0.0001	
Univ: 536	1229.43	1189.12	0.0119	
Univ: 537	1069.46	1210.03	0.0003	
Univ: 538	1251.07	1189.73	0.0240	
Univ: 539	1200.23	1240.20	0.0002	
Univ: 540	1322.25	1193.92	0.0068	
Univ: 541	1235.46	1245.72	0.0000	
Univ: 542	1142.41	1237.21	0.0011	
Univ: 543	1161.36	1339.51	0.0000	
Univ: 544	1035.51	1270.88	0.0000	
Univ: 545	1276.23	1264.98	0.0000	
Univ: 546	1137.60	1243.61	0.0000	
Univ: 547	1191.83	1259.74	0.0000	
Univ: 548	1113.14	1382.61	0.0000	
Univ: 549	1189.54	1225.50	0.0000	
Univ: 550	1128.94	1300.55	0.0000	
Univ: 551	1100.62	1237.30	0.0000	
Univ: 552	1156.50	1224.13	0.0001	
Univ: 553	1419.42	1227.61	0.0000	
Univ: 554	1275.65	1247.34	0.0000	
Univ: 555	1118.40	1271.26	0.0000	
Univ: 556	982.07	1226.06	0.0000	
Univ: 557	1297.35	1200.71	0.0001	
Univ: 558	1170.94	1208.49	0.0003	
Univ: 559	1233.86	1207.50	0.0000	
Univ: 560	1126.10	1306.44	0.0000	
Univ: 561	1110.13	1204.26	0.0115	
Univ: 562	1104.26	1318.36	0.0000	
Univ: 563	1327.14	1244.67	0.0000	
Univ: 564	1134.90	1269.01	0.0000	
Univ: 565	1236.18	1200.15	0.0692	
Univ: 566	1352.96	1351.29	0.0000	
Univ: 567	1120.04	1349.09	0.0000	
Univ: 568	1315.92	1334.81	0.0000	
Univ: 569	1200.50	1230.70	0.0000	
Univ: 570	1024.37	1251.83	0.0001	
Univ: 571	1073.75	1320.34	0.0000	
Univ: 572	1092.07	1303.07	0.0000	
Univ: 573	1221.83	1201.50	0.0003	
Univ: 574	1231.67	1295.15	0.0000	
Univ: 575	1193.76	1245.37	0.0000	
Univ: 576	1222.29	1237.20	0.0000	
Univ: 577	990.26	1230.88	0.0006	
Univ: 578	1123.63	1221.11	0.0006	
Univ: 579	1124.96	1256.40	0.0000	
Univ: 580	1210.91	1259.79	0.0000	
Univ: 581	1194.76	1250.08	0.0000	
Univ: 582	1190.87	1220.12	0.0005	
Univ: 583	1185.35	1218.09	0.0009	
Univ: 584	1294.78	1275.85	0.0000	
Univ: 585	1247.40	1305.20	0.0000	
Univ: 586	1168.79	1259.25	0.0000	
Univ: 587	1154.39	1322.99	0.0000	
Univ: 588	1174.07	1251.31	0.0000	
Univ: 589	1226.22	1202.55	0.0000	
Univ: 590	1219.09	1199.03	0.0021	
Univ: 591	1211.06	1229.79	0.0000	
Univ: 592	1313.72	1244.88	0.0000	
Univ: 593	1033.34	1404.90	0.0000	
Univ: 594	1111.84	1353.11	0.0000	
Univ: 595	1273.96	1199.60	0.0039	
Univ: 596	1301.93	1414.83	0.0000	
Univ: 597	1230.57	1278.26	0.0000	
Univ: 598	1164.20	1223.05	0.0001	
Univ: 599	1238.71	1259.87	0.0000	
Univ: 600	1261.47	1194.90	0.0000	
Univ: 601	1240.20	1205.10	0.0055	
Univ: 602	1087.62	1205.82	0.0115	
Univ: 603	1314.69	1301.37	0.0000	
Univ: 604	1250.24	1388.62	0.0000	
Univ: 605	1117.11	1246.74	0.0000	
Univ: 606	1219.56	1287.88	0.0000	
Univ: 607	1162.87	1439.57	0.0000	
Univ: 608	1220.62	1243.10	0.0000	
Univ: 609	1161.45	1220.43	0.0002	
Univ: 610	1234.26	1267.85	0.0000	
Univ: 611	1225.05	1240.64	0.0020	
Univ: 612	1227.29	1273.70	0.0000	
Univ: 613	1161.76	1195.23	0.0011	
Univ: 614	1224.67	1511.19	0.0000	
Univ: 615	1254.72	1206.80	0.0056	
Univ: 616	1191.12	1330.86	0.0000	
Univ: 617	967.42	1475.47	0.0000	
Univ: 618	1126.87	1318.10	0.0000	
Univ: 619	981.58	1209.66	0.0027	
Univ: 620	1332.50	1235.10	0.0000	
Univ: 621	1342.44	1384.27	0.0000	
Univ: 622	1294.48	1234.91	0.0014	
Univ: 623	1143.47	1230.77	0.0000	
Univ: 624	1262.80	1268.26	0.0000	
Univ: 625	1127.36	1364.07	0.0000	
Univ: 626	1201.90	1288.66	0.0000	
Univ: 627	1084.61	1303.56	0.0000	
Univ: 628	1161.80	1198.07	0.0000	
Univ: 629	1292.27	1313.62	0.0000	
Univ: 630	1265.26	1232.52	0.0000	
Univ: 631	1017.78	1202.75	0.0003	
Univ: 632	1090.39	1197.56	0.0153	
Univ: 633	1175.51	1196.87	0.0005	
Univ: 634	1155.83	1337.96	0.0000	
Univ: 635	1238.71	1305.71	0.0000	
Univ: 636	1050.32	1306.70	0.0000	
Univ: 637	1253.88	1245.16	0.0000	
Univ: 638	1169.54	1244.19	0.0001	
Univ: 639	1177.17	1263.29	0.0000	
Univ: 640	1085.65	1297.42	0.0000	
Univ: 641	1410.77	1218.39	0.0010	
Univ: 642	1235.55	1320.98	0.0000	
Univ: 643	1229.43	1219.60	0.0003	
Univ: 644	1270.91	1286.01	0.0000	
Univ: 645	1066.84	1416.49	0.0000	
Univ: 646	1172.59	1214.39	0.0001	
Univ: 647	1098.46	1260.97	0.0000	
Univ: 648	1133.87	1244.55	0.0000	
Univ: 649	1146.27	1202.40	0.0015	
Univ: 650	1208.46	1405.76	0.0000	
Univ: 651	1118.39	1402.56	0.0000	
Univ: 652	1137.05	1208.70	0.0002	
Univ: 653	1303.10	1215.46	0.0000	
Univ: 654	1298.14	1245.57	0.0000	
Univ: 655	1237.54	1330.62	0.0000	
Univ: 656	1157.04	1245.84	0.0000	
Univ: 657	1148.59	1254.47	0.0000	
Univ: 658	1180.73	1219.27	0.0009	
Univ: 659	1172.72	1208.67	0.0001	
Univ: 660	1097.46	1192.19	0.0198	
Univ: 661	1078.40	1327.50	0.0000	
Univ: 662	1121.06	1329.50	0.0000	
Univ: 663	1117.29	1300.32	0.0000	
Univ: 664	1179.65	1222.19	0.0002	
Univ: 665	1159.10	1337.62	0.0000	
Univ: 666	1059.98	1247.03	0.0002	
Univ: 667	1266.97	1293.44	0.0000	
Univ: 668	1186.80	1290.72	0.0000	
Univ: 669	1264.79	1274.58	0.0000	
Univ: 670	957.20	1284.26	0.0000	
Univ: 671	1075.86	1276.81	0.0000	
Univ: 672	1043.27	1205.07	0.0148	
Univ: 673	1240.08	1179.06	0.0680	
Univ: 674	1124.85	1334.39	0.0000	
Univ: 675	1104.41	1193.08	0.0160	
Univ: 676	1116.35	1290.89	0.0000	
Univ: 677	1244.73	1252.05	0.0000	
Univ: 678	1140.13	1332.79	0.0000	
Univ: 679	1290.96	1213.48	0.0000	
Univ: 680	1189.72	1215.74	0.0066	
Univ: 681	1200.43	1330.16	0.0000	
Univ: 682	1292.21	1226.61	0.0000	
Univ: 683	1168.10	1227.20	0.0000	
Univ: 684	1273.32	1262.86	0.0000	
Univ: 685	1211.45	1400.32	0.0000	
Univ: 686	1098.33	1225.25	0.0026	
Univ: 687	1119.53	1270.92	0.0000	
Univ: 688	1162.94	1281.01	0.0000	
Univ: 689	1153.09	1245.88	0.0000	
Univ: 690	1021.72	1210.40	0.0001	
Univ: 691	1268.41	1246.86	0.0000	
Univ: 692	1154.01	1222.58	0.0009	
Univ: 693	1027.54	1327.00	0.0000	
Univ: 694	1112.17	1179.96	0.1048	
Univ: 695	1067.77	1259.24	0.0000	
Univ: 696	1314.13	1253.05	0.0000	
Univ: 697	1241.07	1226.91	0.0001	
Univ: 698	1104.44	1254.01	0.0000	
Univ: 699	1244.22	1263.24	0.0000	
Univ: 700	1153.97	1249.50	0.0000	
Univ: 701	1167.15	1204.57	0.0004	
Univ: 702	1087.60	1198.75	0.0021	
Univ: 703	1101.41	1297.06	0.0000	
Univ: 704	1138.99	1263.55	0.0000	
Univ: 705	1177.29	1296.35	0.0000	
Univ: 706	1157.37	1211.17	0.0001	
Univ: 707	1140.10	1214.50	0.0000	
Univ: 708	1239.19	1210.52	0.0088	
Univ: 709	980.75	1226.75	0.0013	
Univ: 710	1352.42	1209.28	0.0006	
Univ: 711	1248.73	1280.20	0.0000	
Univ: 712	1216.92	1190.68	0.0017	
Univ: 713	1154.67	1199.61	0.0013	
Univ: 714	1189.34	1225.70	0.0007	
Univ: 715	1354.45	1208.98	0.0000	
Univ: 716	1184.71	1205.74	0.0010	
Univ: 717	1138.98	1209.09	0.0123	
Univ: 718	1225.07	1245.40	0.0000	
Univ: 719	1250.45	1359.79	0.0000	
Univ: 720	1199.31	1258.15	0.0000	
Univ: 721	1342.03	1223.15	0.0003	
Univ: 722	1245.58	1431.25	0.0000	
Univ: 723	1126.35	1353.45	0.0000	
Univ: 724	1101.94	1220.16	0.0000	
Univ: 725	1063.15	1255.82	0.0000	
Univ: 726	1283.70	1315.17	0.0000	
Univ: 727	1204.46	1258.33	0.0000	
Univ: 728	1010.38	1201.59	0.0011	
Univ: 729	1310.08	1316.43	0.0000	
Univ: 730	1134.97	1304.87	0.0000	
Univ: 731	1163.95	1312.61	0.0000	
Univ: 732	1185.34	1284.65	0.0000	
Univ: 733	1488.38	1194.04	0.0054	
Univ: 734	1167.86	1202.87	0.0011	
Univ: 735	1213.37	1193.01	0.0647	
Univ: 736	1221.58	1301.86	0.0000	
Univ: 737	1170.25	1235.50	0.0000	
Univ: 738	1085.77	1413.61	0.0000	
Univ: 739	1106.09	1201.70	0.0094	
Univ: 740	1211.28	1226.57	0.0019	
Univ: 741	1245.63	1254.18	0.0000	
Univ: 742	1109.94	1220.64	0.0000	
Univ: 743	1080.71	1320.05	0.0000	
Univ: 744	1350.15	1308.43	0.0000	
Univ: 745	1102.23	1312.70	0.0000	
Univ: 746	1091.87	1231.96	0.0006	
Univ: 747	1107.87	1243.11	0.0000	
Univ: 748	1056.57	1399.39	0.0000	
Univ: 749	1140.66	1241.21	0.0000	
Univ: 750	1150.38	1344.19	0.0000	
Univ: 751	1126.97	1228.90	0.0000	
Univ: 752	1182.40	1179.26	0.0367	
Univ: 753	1074.04	1241.65	0.0000	
Univ: 754	1168.91	1279.75	0.0000	
Univ: 755	1076.75	1255.85	0.0000	
Univ: 756	1088.76	1263.83	0.0000	
Univ: 757	1165.24	1335.88	0.0000	
Univ: 758	1156.84	1395.01	0.0000	
Univ: 759	1237.43	1196.64	0.0072	
Univ: 760	1308.36	1215.38	0.0000	
Univ: 761	1396.46	1190.88	0.0043	
Univ: 762	1154.74	1254.45	0.0000	
Univ: 763	1104.84	1342.94	0.0000	
Univ: 764	1209.27	1267.65	0.0000	
Univ: 765	1235.57	1208.20	0.0000	
Univ: 766	1221.19	1201.13	0.0338	
Univ: 767	1162.26	1192.56	0.0002	
Univ: 768	1119.07	1232.34	0.0004	
Univ: 769	1325.81	1229.42	0.0000	
Univ: 770	1294.63	1251.07	0.0000	
Univ: 771	1154.36	1200.24	0.0021	
Univ: 772	1215.27	1322.30	0.0000	
Univ: 773	1188.34	1235.46	0.0000	
Univ: 774	1137.85	1276.23	0.0000	
Univ: 775	1305.58	1189.66	0.0211	
Univ: 776	1237.18	1419.42	0.0000	
Univ: 777	1132.20	1275.73	0.0000	
Univ: 778	1046.38	1297.36	0.0000	
Univ: 779	1136.45	1233.86	0.0001	
Univ: 780	1247.40	1327.14	0.0000	
Univ: 781	1263.67	1236.17	0.0001	
Univ: 782	1287.64	1352.97	0.0000	
Univ: 783	1180.48	1315.92	0.0000	
Univ: 784	1178.73	1200.52	0.0004	
Univ: 785	1105.35	1221.83	0.0001	
Univ: 786	1135.61	1231.67	0.0000	
Univ: 787	1174.04	1193.76	0.0017	
Univ: 788	1150.22	1222.30	0.0001	
Univ: 789	1179.59	1210.92	0.0036	
Univ: 790	1229.58	1194.77	0.0105	
Univ: 791	1230.02	1190.87	0.0152	
Univ: 792	1194.35	1185.35	0.0005	
Univ: 793	1216.82	1294.81	0.0000	
Univ: 794	1373.93	1247.40	0.0000	
Univ: 795	1419.78	1226.22	0.0063	
Univ: 796	1125.38	1219.09	0.0000	
Univ: 797	1167.81	1211.06	0.0000	
Univ: 798	1165.28	1313.72	0.0000	
Univ: 799	1182.33	1273.96	0.0000	
Univ: 800	1197.31	1301.96	0.0000	
Univ: 801	1113.77	1230.57	0.0003	
Univ: 802	1371.71	1238.71	0.0005	
Univ: 803	1086.80	1261.48	0.0000	
Univ: 804	1453.04	1240.35	0.0000	
Univ: 805	1242.19	1314.68	0.0000	
Univ: 806	1415.10	1250.25	0.0000	
Univ: 807	1130.08	1219.59	0.0000	
Univ: 808	1207.25	1220.62	0.0001	
Univ: 809	1192.03	1234.25	0.0000	
Univ: 810	1273.64	1225.04	0.0012	
Univ: 811	1147.51	1227.29	0.0013	
Univ: 812	1234.63	1224.68	0.0001	
Univ: 813	1020.48	1254.72	0.0000	
Univ: 814	1164.79	1191.12	0.0047	
Univ: 815	1136.00	1332.57	0.0000	
Univ: 816	1291.32	1342.44	0.0000	
Univ: 817	1139.56	1294.48	0.0000	
Univ: 818	1272.48	1262.81	0.0000	
Univ: 819	1171.59	1201.91	0.0032	
Univ: 820	1211.65	1292.30	0.0000	
Univ: 821	1145.85	1265.29	0.0000	
Univ: 822	1138.31	1238.72	0.0000	
Univ: 823	1283.28	1253.90	0.0000	
Univ: 824	1186.34	1410.78	0.0000	
Univ: 825	1297.81	1235.56	0.0000	
Univ: 826	1171.37	1229.43	0.0014	
Univ: 827	1209.66	1270.95	0.0000	
Univ: 828	1151.29	1208.46	0.0070	
Univ: 829	1238.01	1303.09	0.0000	
Univ: 830	1145.82	1298.15	0.0000	
Univ: 831	1082.37	1237.55	0.0003	
Univ: 832	1198.22	1266.97	0.0000	
Univ: 833	1121.62	1264.79	0.0000	
Univ: 834	1171.37	1240.08	0.0004	
Univ: 835	1045.99	1244.72	0.0000	
Univ: 836	1096.58	1291.01	0.0000	
Univ: 837	1099.60	1189.72	0.0230	
Univ: 838	1231.49	1200.43	0.0120	
Univ: 839	1244.56	1292.25	0.0000	
Univ: 840	1174.81	1273.32	0.0000	
Univ: 841	1139.06	1211.48	0.0011	
Univ: 842	1276.16	1268.41	0.0000	
Univ: 843	1345.86	1314.13	0.0000	
Univ: 844	1291.88	1241.07	0.0000	
Univ: 845	1292.30	1244.22	0.0001	
Univ: 846	1318.77	1239.19	0.0002	
Univ: 847	1132.65	1352.43	0.0000	
Univ: 848	1249.53	1248.72	0.0000	
Univ: 849	1214.21	1216.95	0.0006	
Univ: 850	1278.16	1354.45	0.0000	
Univ: 851	1122.23	1225.07	0.0000	
Univ: 852	1260.96	1250.45	0.0000	
Univ: 853	1294.87	1199.31	0.0057	
Univ: 854	1172.11	1342.03	0.0000	
Univ: 855	1189.61	1245.59	0.0000	
Univ: 856	1134.65	1283.70	0.0000	
Univ: 857	1224.72	1204.46	0.0146	
Univ: 858	1132.51	1310.08	0.0000	
Univ: 859	1419.79	1488.40	0.0000	
Univ: 860	1401.63	1213.40	0.0000	
Univ: 861	1120.05	1221.58	0.0001	
Univ: 862	1139.62	1211.29	0.0033	
Univ: 863	1239.97	1245.63	0.0000	
Univ: 864	1130.05	1350.15	0.0000	
Univ: 865	1195.45	1237.44	0.0024	
Univ: 866	1358.83	1308.37	0.0000	
Univ: 867	1116.11	1396.46	0.0000	
Univ: 868	1070.30	1209.27	0.0000	
Univ: 869	1189.33	1235.57	0.0000	
Univ: 870	1076.02	1221.19	0.0003	
Univ: 871	1067.73	1325.82	0.0000	
Univ: 872	1199.14	1294.63	0.0000	
Univ: 873	1148.14	1215.27	0.0002	
Univ: 874	1079.59	1305.58	0.0000	
Univ: 875	1272.50	1237.18	0.0004	
Univ: 876	1230.63	1247.40	0.0000	
Univ: 877	1309.32	1263.67	0.0000	
Univ: 878	1143.30	1287.63	0.0000	
Univ: 879	1308.46	1178.73	0.1831	
Univ: 880	1228.37	1229.57	0.0011	
Univ: 881	1205.67	1230.02	0.0000	
Univ: 882	1063.85	1194.38	0.0027	
Univ: 883	1063.18	1216.82	0.0001	
Univ: 884	1357.48	1373.99	0.0000	
Univ: 885	1411.07	1419.82	0.0000	
Univ: 886	1147.45	1197.31	0.0001	
Univ: 887	1234.39	1371.73	0.0000	
Univ: 888	1147.15	1453.05	0.0000	
Univ: 889	1221.86	1242.19	0.0000	
Univ: 890	1134.00	1415.10	0.0000	
Univ: 891	1206.99	1207.25	0.0383	
Univ: 892	1253.65	1192.03	0.0007	
Univ: 893	1277.11	1273.70	0.0000	
Univ: 894	1251.77	1234.63	0.0000	
Univ: 895	1147.11	1291.34	0.0000	
Univ: 896	1114.81	1272.50	0.0000	
Univ: 897	953.03	1211.75	0.0002	
Univ: 898	1403.81	1283.29	0.0000	
Univ: 899	1188.09	1186.38	0.0634	
Univ: 900	1318.29	1297.81	0.0000	
Univ: 901	1347.24	1209.66	0.0003	
Univ: 902	1287.60	1238.01	0.0000	
Univ: 903	1078.15	1198.49	0.0001	
Univ: 904	1289.67	1231.49	0.0001	
Univ: 905	1115.27	1244.56	0.0002	
Univ: 906	1173.30	1276.16	0.0000	
Univ: 907	1144.88	1345.87	0.0000	
Univ: 908	1054.57	1291.88	0.0000	
Univ: 909	1293.31	1292.31	0.0000	
Univ: 910	1300.33	1318.79	0.0000	
Univ: 911	1225.93	1249.55	0.0000	
Univ: 912	1190.96	1214.27	0.0000	
Univ: 913	1219.32	1278.39	0.0000	
Univ: 914	1197.13	1260.98	0.0000	
Univ: 915	1123.80	1294.87	0.0000	
Univ: 916	1326.83	1224.73	0.0023	
Univ: 917	1222.63	1419.78	0.0000	
Univ: 918	1315.97	1401.63	0.0000	
Univ: 919	1197.11	1239.98	0.0000	
Univ: 920	1181.94	1195.44	0.0058	
Univ: 921	1159.51	1358.84	0.0000	
Univ: 922	1259.67	1199.14	0.0025	
Univ: 923	1257.36	1272.52	0.0000	
Univ: 924	1169.57	1230.63	0.0002	
Univ: 925	1190.16	1309.32	0.0000	
Univ: 926	1168.93	1308.49	0.0000	
Univ: 927	1280.51	1228.37	0.0001	
Univ: 928	1155.97	1205.67	0.0004	
Univ: 929	1134.38	1357.48	0.0000	
Univ: 930	1116.64	1411.07	0.0000	
Univ: 931	1263.26	1234.39	0.0012	
Univ: 932	1479.62	1221.86	0.0000	
Univ: 933	1233.02	1207.00	0.0009	
Univ: 934	1059.46	1253.65	0.0000	
Univ: 935	1270.46	1277.17	0.0000	
Univ: 936	1201.95	1251.77	0.0000	
Univ: 937	1059.17	1403.82	0.0000	
Univ: 938	1130.02	1188.08	0.0007	
Univ: 939	1193.82	1318.29	0.0000	
Univ: 940	1341.45	1347.31	0.0000	
Univ: 941	1228.12	1287.99	0.0000	
Univ: 942	1244.40	1289.69	0.0000	
Univ: 943	1315.45	1293.33	0.0000	
Univ: 944	1329.88	1300.33	0.0000	
Univ: 945	1207.22	1225.93	0.0001	
Univ: 946	1223.38	1190.96	0.0012	
Univ: 947	1129.52	1219.32	0.0001	
Univ: 948	1190.31	1197.13	0.0056	
Univ: 949	1113.92	1326.84	0.0000	
Univ: 950	1237.91	1222.63	0.0001	
Univ: 951	1094.76	1315.97	0.0000	
Univ: 952	1243.25	1197.13	0.0089	
Univ: 953	1135.25	1259.67	0.0000	
Univ: 954	1251.58	1257.52	0.0000	
Univ: 955	1140.22	1190.15	0.0001	
Univ: 956	1063.55	1280.50	0.0000	
Univ: 957	1058.34	1263.26	0.0000	
Univ: 958	1158.79	1479.62	0.0000	
Univ: 959	1264.00	1233.01	0.0001	
Univ: 960	1222.60	1270.45	0.0000	
Univ: 961	1364.36	1201.96	0.0143	
Univ: 962	1353.29	1193.87	0.0016	
Univ: 963	1135.25	1341.44	0.0000	
Univ: 964	1415.45	1228.12	0.0002	
Univ: 965	1155.12	1244.41	0.0000	
Univ: 966	1114.69	1315.45	0.0000	
Univ: 967	1099.42	1329.88	0.0000	
Univ: 968	1188.26	1207.21	0.0000	
Univ: 969	1290.61	1223.37	0.0000	
Univ: 970	1164.65	1190.31	0.0279	
Univ: 971	1239.61	1237.94	0.0000	
Univ: 972	1285.66	1243.28	0.0000	
Univ: 973	1150.77	1251.58	0.0000	
Univ: 974	1251.58	1264.00	0.0000	
Univ: 975	1172.83	1222.60	0.0004	
Univ: 976	1242.01	1364.36	0.0000	
Univ: 977	1272.44	1353.29	0.0000	
Univ: 978	1137.37	1415.46	0.0000	
Univ: 979	1349.55	1188.26	0.0421	
Univ: 980	1400.53	1290.60	0.0000	
Univ: 981	1147.46	1239.61	0.0000	
Univ: 982	1078.74	1285.66	0.0000	
Univ: 983	1067.60	1251.61	0.0000	
Univ: 984	1165.66	1242.01	0.0000	
Univ: 985	1219.05	1272.45	0.0000	
Univ: 986	1262.50	1349.54	0.0000	
Univ: 987	1238.66	1400.54	0.0000	
Univ: 988	1162.72	1219.05	0.0000	
Univ: 989	1182.68	1262.51	0.0000	
Univ: 990	1205.80	1238.67	0.0000	
Univ: 991	1264.67	1205.80	0.0193	
Univ: 992	1231.47	1264.77	0.0000	
Univ: 993	1169.77	1231.47	0.0000	
Univ: 994	1287.44	1287.44	0.0000	
Univ: 995	1244.76	1244.76	0.0000	
Univ: 996	1292.39	1292.41	0.0000	
Univ: 997	1195.10	1195.12	0.0062	
Univ: 998	1256.53	1256.54	0.0000	
Univ: 999	1272.06	1272.05	0.0000	
