CV:    -1	1314.88	1182.43	
Univ:   0	1314.01	1193.45	4.7996	
Univ:   1	1193.45	1181.93	0.4793	
Univ:   2	1181.91	1240.88	1.7721	
Univ:   3	1442.50	1275.17	0.0265	
Univ:   4	1240.88	1082.33	2.0172	
Univ:   5	1397.69	1176.79	18.2290	
Univ:   6	1275.18	1181.20	6.0805	
Univ:   7	1443.56	1306.16	0.0146	
Univ:   8	1329.64	1303.19	0.0004	
Univ:   9	1082.32	1257.68	1.7594	
Univ:  10	1176.79	1295.04	0.0766	
Univ:  11	1388.92	1266.38	0.7419	
Univ:  12	1181.14	1306.57	0.0040	
Univ:  13	1334.79	1092.17	0.9884	
Univ:  14	1306.16	1147.87	3.7430	
Univ:  15	1303.19	1125.55	2.3940	
Univ:  16	1257.68	1282.53	0.0000	
Univ:  17	1295.04	1272.97	1.1059	
Univ:  18	1266.38	1243.58	0.5576	
Univ:  19	1344.29	1219.34	0.4062	
Univ:  20	1306.57	1177.32	8.8922	
Univ:  21	1497.61	1234.04	1.5933	
Univ:  22	1346.20	1238.71	2.6269	
Univ:  23	1411.13	1327.85	0.0001	
Univ:  24	1479.86	1159.55	1.4874	
Univ:  25	1092.17	1189.00	7.7481	
Univ:  26	1366.69	1191.82	17.6498	
Univ:  27	1444.71	1291.26	0.0009	
Univ:  28	1147.87	1210.98	4.5745	
Univ:  29	1347.10	1294.44	0.0003	
Univ:  30	1125.55	1277.72	0.0193	
Univ:  31	1282.48	1266.59	0.0494	
Univ:  32	1429.19	1294.45	0.3966	
Univ:  33	1272.96	1249.63	1.6450	
Univ:  34	1243.58	1271.76	0.0201	
Univ:  35	1342.60	1297.20	0.0087	
Univ:  36	1326.22	1300.95	0.0244	
Univ:  37	1411.06	1313.74	0.0577	
Univ:  38	1418.59	1314.65	0.0001	
Univ:  39	1406.27	1270.68	0.0473	
Univ:  40	1219.30	1224.09	0.5808	
Univ:  41	1177.33	1181.80	14.5763	
Univ:  42	1442.11	1128.90	26.9529	
Univ:  43	1234.04	1245.66	0.7016	
Univ:  44	1238.71	1161.88	2.7736	
Univ:  45	1613.19	1277.46	0.0235	
Univ:  46	1327.85	1288.74	0.0095	
Univ:  47	1449.94	1295.18	0.0129	
Univ:  48	1159.55	1328.01	0.0008	
Univ:  49	1462.60	1323.87	0.0030	
Univ:  50	1189.01	1109.97	0.6466	
Univ:  51	1191.82	1266.43	0.0040	
Univ:  52	1311.70	1176.56	11.4931	
Univ:  53	1387.61	1243.49	2.6397	
Univ:  54	1291.26	1198.96	0.0894	
Univ:  55	1210.97	1316.23	0.0015	
Univ:  56	1294.44	1211.16	5.7128	
Univ:  57	1334.71	1297.15	0.0052	
Univ:  58	1372.81	1300.45	0.0783	
Univ:  59	1408.77	1291.80	0.0194	
Univ:  60	1436.15	1181.46	4.3324	
Univ:  61	1373.95	1194.39	1.0557	
Univ:  62	1454.87	1198.84	0.0226	
Univ:  63	1277.72	1317.07	0.0181	
Univ:  64	1266.59	1227.51	3.9175	
Univ:  65	1294.45	1255.75	0.0000	
Univ:  66	1249.63	1189.01	0.3415	
Univ:  67	1271.72	1312.14	0.0084	
Univ:  68	1297.21	1251.70	0.1674	
Univ:  69	1300.95	1289.04	0.0586	
Univ:  70	1347.60	1176.81	1.6557	
Univ:  71	1313.74	1304.14	0.0107	
Univ:  72	1466.77	1224.69	1.4372	
Univ:  73	1314.65	1300.47	0.0084	
Univ:  74	1363.48	1293.06	0.1002	
Univ:  75	1317.55	1232.48	0.0041	
Univ:  76	1350.30	1308.00	0.0228	
Univ:  77	1270.68	1277.08	0.0001	
Univ:  78	1224.09	1248.65	0.0120	
Univ:  79	1313.70	1301.39	0.0490	
Univ:  80	1181.80	1255.31	0.0345	
Univ:  81	1128.90	1131.61	10.2078	
Univ:  82	1245.66	1281.14	0.0006	
Univ:  83	1373.01	1327.98	0.0006	
Univ:  84	1161.84	1264.40	0.5262	
Univ:  85	1322.83	1218.85	6.2670	
Univ:  86	1383.92	1279.82	0.0189	
Univ:  87	1373.94	1172.66	2.3601	
Univ:  88	1277.46	1290.28	0.0079	
Univ:  89	1490.41	1093.07	1.9393	
Univ:  90	1414.51	1264.86	0.1171	
Univ:  91	1403.81	1196.41	4.6141	
Univ:  92	1288.74	1318.18	0.0016	
Univ:  93	1387.43	1280.37	0.0003	
Univ:  94	1402.43	1174.34	8.0226	
Univ:  95	1295.19	1294.83	0.0009	
Univ:  96	1328.01	1248.43	0.0862	
Univ:  97	1540.06	1260.21	0.1362	
Univ:  98	1362.11	1225.42	5.0591	
Univ:  99	1323.87	1291.79	0.0254	
Univ: 100	1109.97	1256.71	0.0020	
Univ: 101	1450.07	1246.83	2.7334	
Univ: 102	1380.00	1181.25	0.1932	
Univ: 103	1363.60	1301.96	0.0646	
Univ: 104	1362.98	1200.21	6.9364	
Univ: 105	1388.08	1192.51	22.2632	
Univ: 106	1415.64	1196.07	0.3077	
Univ: 107	1266.42	1241.02	0.2392	
Univ: 108	1176.56	1197.58	0.7333	
Univ: 109	1243.49	1306.57	0.0140	
Univ: 110	1198.96	1295.02	0.0016	
Univ: 111	1316.21	1194.72	2.5337	
Univ: 112	1211.16	1314.04	0.0015	
Univ: 113	1362.19	1304.96	0.0187	
Univ: 114	1297.15	1329.52	0.0056	
Univ: 115	1339.30	1253.47	0.0069	
Univ: 116	1338.64	1300.77	0.0106	
Univ: 117	1349.34	1273.74	0.0397	
Univ: 118	1447.83	1284.90	0.0440	
Univ: 119	1335.68	1176.19	2.1269	
Univ: 120	1470.61	1279.81	0.0488	
Univ: 121	1390.98	1316.17	0.0000	
Univ: 122	1300.45	1290.09	0.2953	
Univ: 123	1291.80	1277.03	0.2646	
Univ: 124	1181.27	1268.48	0.0061	
Univ: 125	1194.39	1299.95	0.0005	
Univ: 126	1416.90	1249.14	0.9268	
Univ: 127	1326.37	1187.97	6.5918	
Univ: 128	1198.84	1246.39	2.5873	
Univ: 129	1494.45	1239.08	6.4736	
Univ: 130	1498.46	1178.53	13.3334	
Univ: 131	1477.41	1201.03	5.9443	
Univ: 132	1367.70	1213.06	0.0003	
Univ: 133	1383.99	1277.50	0.0893	
Univ: 134	1317.06	1185.85	0.0272	
Univ: 135	1474.54	1242.43	1.2869	
Univ: 136	1227.51	1263.66	0.2487	
Univ: 137	1451.97	1223.53	0.0007	
Univ: 138	1335.78	1238.19	4.9736	
Univ: 139	1255.73	1305.21	0.0012	
Univ: 140	1188.85	1244.62	0.0367	
Univ: 141	1312.11	1244.78	0.2020	
Univ: 142	1251.69	1270.50	0.0157	
Univ: 143	1289.05	1306.95	0.0000	
Univ: 144	1445.40	1267.54	0.0557	
Univ: 145	1176.81	1318.05	0.0159	
Univ: 146	1381.50	1277.39	0.4268	
Univ: 147	1304.10	1234.13	1.3398	
Univ: 148	1376.68	1175.55	30.7099	
Univ: 149	1224.67	1217.06	6.3116	
Univ: 150	1362.52	1187.15	0.4250	
Univ: 151	1300.47	1197.21	0.0693	
Univ: 152	1293.06	1313.47	0.0024	
Univ: 153	1354.98	1235.23	1.5828	
Univ: 154	1232.47	1275.40	0.0046	
Univ: 155	1400.29	1101.28	2.2674	
Univ: 156	1308.00	1307.75	0.0554	
Univ: 157	1398.02	1304.73	0.1773	
Univ: 158	1381.90	1221.42	3.4980	
Univ: 159	1352.06	1202.05	12.5155	
Univ: 160	1350.03	1208.92	6.1035	
Univ: 161	1277.08	1277.48	0.8375	
Univ: 162	1420.02	1225.54	1.8636	
Univ: 163	1248.65	1323.40	0.0003	
Univ: 164	1301.39	1286.20	0.3594	
Univ: 165	1255.31	1300.18	0.0058	
Univ: 166	1131.60	1295.47	0.0004	
Univ: 167	1451.06	1261.12	0.0210	
Univ: 168	1281.14	1301.51	0.0334	
Univ: 169	1327.87	1279.76	0.0530	
Univ: 170	1264.40	1328.45	0.0005	
Univ: 171	1218.85	1215.53	1.8832	
Univ: 172	1398.74	1273.14	0.2410	
Univ: 173	1474.63	1331.76	0.0001	
Univ: 174	1399.34	1315.68	0.0002	
Univ: 175	1343.16	1125.89	1.8549	
Univ: 176	1279.82	1325.97	0.0001	
Univ: 177	1172.65	1270.96	0.5346	
Univ: 178	1290.28	1192.43	14.8848	
Univ: 179	1093.07	1293.15	0.0150	
Univ: 180	1331.66	1243.69	0.0429	
Univ: 181	1371.08	1323.55	0.0003	
Univ: 182	1264.86	1310.91	0.0023	
Univ: 183	1380.05	1269.90	0.0755	
Univ: 184	1196.41	1264.87	0.0592	
Univ: 185	1318.18	1289.51	0.0012	
Univ: 186	1560.86	1293.76	0.0348	
Univ: 187	1504.84	1244.06	0.1146	
Univ: 188	1331.40	1254.06	1.1583	
Univ: 189	1578.28	1162.49	9.6988	
Univ: 190	1280.37	1299.79	0.0561	
Univ: 191	1174.34	1323.94	0.0006	
Univ: 192	1421.26	1196.26	3.9773	
Univ: 193	1359.44	1276.72	0.1298	
Univ: 194	1294.81	1209.64	5.8177	
Univ: 195	1398.41	1222.45	7.6397	
Univ: 196	1329.34	1309.69	0.0286	
Univ: 197	1332.71	1199.80	0.5847	
Univ: 198	1248.44	1247.14	0.2290	
Univ: 199	1333.36	1181.00	21.0149	
Univ: 200	1260.20	1310.20	0.0015	
Univ: 201	1225.42	1301.11	0.0048	
Univ: 202	1443.18	1281.33	0.0749	
Univ: 203	1291.79	1178.66	14.6963	
Univ: 204	1536.07	1303.57	0.0003	
Univ: 205	1256.71	1313.47	0.0208	
Univ: 206	1246.83	1224.88	5.7900	
Univ: 207	1394.74	1308.99	0.0095	
Univ: 208	1181.25	1314.16	0.0022	
Univ: 209	1438.09	1225.30	0.2263	
Univ: 210	1602.90	1164.06	1.2614	
Univ: 211	1301.96	1294.29	0.0861	
Univ: 212	1387.04	1293.23	0.5203	
Univ: 213	1358.27	1262.50	0.3046	
Univ: 214	1200.21	1267.37	0.0161	
Univ: 215	1403.35	1177.46	14.7436	
Univ: 216	1192.51	1200.67	2.2251	
Univ: 217	1196.06	1322.84	0.0002	
Univ: 218	1241.02	1309.08	0.0075	
Univ: 219	1374.19	1251.66	0.3756	
Univ: 220	1412.64	1324.04	0.0001	
Univ: 221	1335.42	1293.73	0.0126	
Univ: 222	1197.54	1219.78	0.1208	
Univ: 223	1306.57	1297.03	0.0000	
Univ: 224	1670.11	1257.90	0.2889	
Univ: 225	1340.40	1205.61	1.2883	
Univ: 226	1485.43	1309.48	0.0537	
Univ: 227	1295.02	1226.95	0.8044	
Univ: 228	1194.72	1325.37	0.0001	
Univ: 229	1638.55	1291.67	0.0262	
Univ: 230	1314.04	1287.76	0.2674	
Univ: 231	1304.96	1247.46	0.4516	
Univ: 232	1464.07	1238.76	2.0138	
Univ: 233	1329.52	1277.88	0.0013	
Univ: 234	1341.11	1169.58	10.6045	
Univ: 235	1378.10	1239.05	4.4163	
Univ: 236	1530.50	1289.22	0.1870	
Univ: 237	1368.49	1296.30	0.0014	
Univ: 238	1253.48	1243.38	2.9187	
Univ: 239	1366.63	1288.90	0.0151	
Univ: 240	1401.89	1272.36	0.3601	
Univ: 241	1513.00	1257.11	1.6980	
Univ: 242	1428.84	1199.96	11.2155	
Univ: 243	1300.76	1225.52	5.9503	
Univ: 244	1273.75	1166.75	9.6685	
Univ: 245	1284.85	1238.97	1.1760	
Univ: 246	1176.19	1316.96	0.0013	
Univ: 247	1279.77	1287.33	0.2226	
Univ: 248	1316.17	1242.26	5.2150	
Univ: 249	1452.47	1208.10	4.4342	
Univ: 250	1334.75	1272.02	0.7946	
Univ: 251	1449.21	1297.02	0.0585	
Univ: 252	1290.09	1236.09	6.2176	
Univ: 253	1277.03	1270.74	0.1765	
Univ: 254	1268.46	1208.43	6.3874	
Univ: 255	1368.33	1250.90	0.4716	
Univ: 256	1331.56	1293.77	0.0414	
Univ: 257	1319.60	1174.67	0.1362	
Univ: 258	1332.37	1283.06	0.0151	
Univ: 259	1299.96	1289.36	0.0202	
Univ: 260	1491.46	1279.98	0.0034	
Univ: 261	1249.10	1303.98	0.0074	
Univ: 262	1187.95	1307.41	0.0028	
Univ: 263	1456.08	1145.44	14.7964	
Univ: 264	1246.39	1295.41	0.0607	
Univ: 265	1450.44	1273.36	0.0215	
Univ: 266	1239.08	1218.41	6.8750	
Univ: 267	1178.49	1194.05	1.6141	
Univ: 268	1201.04	1275.72	0.0536	
Univ: 269	1381.89	1293.04	0.0009	
Univ: 270	1379.24	1147.91	17.6768	
Univ: 271	1404.25	1261.55	0.7679	
Univ: 272	1445.42	1335.07	0.0000	
Univ: 273	1213.06	1237.92	2.1786	
Univ: 274	1277.50	1248.61	0.0592	
Univ: 275	1352.01	1221.00	4.0765	
Univ: 276	1460.83	1292.80	0.0000	
Univ: 277	1353.00	1251.45	0.0674	
Univ: 278	1185.66	1084.96	2.0462	
Univ: 279	1432.44	1304.74	0.0007	
Univ: 280	1578.05	1247.54	0.9124	
Univ: 281	1351.85	1231.46	11.1783	
Univ: 282	1398.30	1234.86	0.3769	
Univ: 283	1242.43	1260.43	0.7524	
Univ: 284	1263.66	1243.49	1.1459	
Univ: 285	1223.53	1136.09	0.4202	
Univ: 286	1384.28	1195.50	0.3485	
Univ: 287	1238.19	1221.54	8.6603	
Univ: 288	1336.22	1106.65	0.2390	
Univ: 289	1561.05	1250.16	3.0062	
Univ: 290	1305.21	1255.05	0.0157	
Univ: 291	1244.62	1300.12	0.0417	
Univ: 292	1562.34	1288.73	0.0059	
Univ: 293	1348.93	1311.31	0.0007	
Univ: 294	1244.78	1149.84	0.4264	
Univ: 295	1357.20	1233.75	2.0081	
Univ: 296	1383.94	1302.18	0.0023	
Univ: 297	1270.50	1207.73	16.8349	
Univ: 298	1481.47	1235.51	4.0699	
Univ: 299	1306.75	1290.27	0.3898	
Univ: 300	1386.73	1292.58	0.0543	
Univ: 301	1391.80	1292.60	0.0024	
Univ: 302	1267.53	1075.54	0.0122	
Univ: 303	1318.05	1252.86	0.0042	
Univ: 304	1277.38	1094.54	3.2037	
Univ: 305	1234.13	1269.97	0.0186	
Univ: 306	1175.56	1251.71	0.6695	
Univ: 307	1217.05	1207.38	0.8105	
Univ: 308	1187.08	1291.93	0.2080	
Univ: 309	1197.21	1141.34	1.5607	
Univ: 310	1354.84	1214.15	7.1465	
Univ: 311	1344.75	1300.66	0.0209	
Univ: 312	1313.44	1288.30	0.0804	
Univ: 313	1235.23	1170.52	4.3513	
Univ: 314	1320.03	1304.85	0.0067	
Univ: 315	1478.90	1308.64	0.0063	
Univ: 316	1480.18	1204.86	1.6807	
Univ: 317	1275.40	1181.94	0.2922	
Univ: 318	1101.27	1310.21	0.0008	
Univ: 319	1307.74	1221.57	13.8434	
Univ: 320	1304.73	1264.69	0.1130	
Univ: 321	1221.40	1271.89	0.2586	
Univ: 322	1202.05	1245.99	1.1302	
Univ: 323	1446.09	1264.48	0.9110	
Univ: 324	1208.91	1284.43	0.1457	
Univ: 325	1363.25	1276.57	0.0327	
Univ: 326	1277.48	1316.10	0.0002	
Univ: 327	1494.44	1304.59	0.0201	
Univ: 328	1383.31	1220.31	0.8027	
Univ: 329	1225.51	1203.01	0.4880	
Univ: 330	1323.37	1247.50	0.1981	
Univ: 331	1286.20	1244.04	0.0477	
Univ: 332	1445.34	1312.66	0.0125	
Univ: 333	1447.70	1289.13	0.2264	
Univ: 334	1420.71	1184.51	13.6813	
Univ: 335	1424.85	1316.44	0.0244	
Univ: 336	1300.16	1063.81	0.0887	
Univ: 337	1295.46	1194.56	16.7803	
Univ: 338	1261.10	1158.08	22.4286	
Univ: 339	1413.94	1253.54	0.1759	
Univ: 340	1301.52	1231.53	0.8105	
Univ: 341	1334.87	1236.23	0.4612	
Univ: 342	1279.76	1268.24	0.0024	
Univ: 343	1328.45	1296.70	0.0735	
Univ: 344	1302.22	1220.01	2.7639	
Univ: 345	1215.40	1242.73	0.5048	
Univ: 346	1487.28	1286.03	0.1904	
Univ: 347	1324.93	1279.25	0.1014	
Univ: 348	1439.52	1141.03	0.6703	
Univ: 349	1273.12	1290.67	0.0007	
Univ: 350	1391.45	1146.17	5.6875	
Univ: 351	1331.76	1236.45	0.6352	
Univ: 352	1492.96	1193.60	1.1435	
Univ: 353	1315.61	1222.82	0.2372	
Univ: 354	1125.89	1283.87	0.6716	
Univ: 355	1355.11	1301.55	0.0343	
Univ: 356	1345.74	1203.13	4.7618	
Univ: 357	1487.04	1222.19	5.4689	
Univ: 358	1325.97	1273.77	0.0030	
Univ: 359	1270.97	1307.92	0.0117	
Univ: 360	1192.43	1279.53	0.0235	
Univ: 361	1365.20	1260.02	1.1331	
Univ: 362	1293.15	1088.97	0.9613	
Univ: 363	1371.87	1284.86	0.0174	
Univ: 364	1408.08	1325.52	0.0000	
Univ: 365	1243.66	1321.11	0.0001	
Univ: 366	1323.55	1269.78	0.0169	
Univ: 367	1558.40	1247.77	1.5290	
Univ: 368	1310.91	1221.91	0.9813	
Univ: 369	1269.90	1185.09	2.7365	
Univ: 370	1352.59	1124.47	9.0738	
Univ: 371	1264.87	1266.67	0.0482	
Univ: 372	1416.88	1295.04	0.0086	
Univ: 373	1289.52	1313.56	0.0240	
Univ: 374	1418.17	1300.50	0.0307	
Univ: 375	1384.08	1302.73	0.0291	
Univ: 376	1293.76	1210.61	0.1758	
Univ: 377	1343.12	1228.21	2.3611	
Univ: 378	1244.06	1235.43	0.3195	
Univ: 379	1386.10	1208.74	0.4178	
Univ: 380	1354.30	1226.69	3.8291	
Univ: 381	1254.03	1210.82	7.2453	
Univ: 382	1162.49	1226.90	0.0675	
Univ: 383	1479.62	1176.31	11.9961	
Univ: 384	1299.79	1263.92	1.9574	
Univ: 385	1323.84	1286.13	0.0026	
Univ: 386	1299.91	1250.41	0.4697	
Univ: 387	1196.26	1315.38	0.0113	
Univ: 388	1276.72	1194.10	0.8464	
Univ: 389	1398.02	1298.02	0.1145	
Univ: 390	1209.65	1196.24	3.0815	
Univ: 391	1398.05	1208.46	8.0480	
Univ: 392	1361.61	1300.30	0.0045	
Univ: 393	1395.82	1292.37	0.0063	
Univ: 394	1222.43	1287.82	0.0012	
Univ: 395	1309.66	1230.45	1.2843	
Univ: 396	1411.08	1293.01	0.0033	
Univ: 397	1199.80	1235.65	0.1930	
Univ: 398	1392.06	1282.83	0.1864	
Univ: 399	1341.30	1324.45	0.0000	
Univ: 400	1337.17	1260.86	0.6373	
Univ: 401	1437.33	1261.96	0.1288	
Univ: 402	1247.14	1163.18	0.2784	
Univ: 403	1181.00	1259.78	0.0311	
Univ: 404	1404.75	1310.65	0.1043	
Univ: 405	1441.96	1234.94	0.5650	
Univ: 406	1347.73	1262.26	3.2724	
Univ: 407	1353.99	1302.07	0.1049	
Univ: 408	1346.59	1274.56	0.4202	
Univ: 409	1357.89	1309.11	0.1785	
Univ: 410	1337.49	1252.90	2.0844	
Univ: 411	1419.18	1301.45	0.0039	
Univ: 412	1310.21	1297.21	0.0053	
Univ: 413	1301.12	1317.78	0.0264	
Univ: 414	1327.53	1235.64	5.8217	
Univ: 415	1281.33	1202.85	1.3046	
Univ: 416	1335.74	1257.11	0.0720	
Univ: 417	1355.11	1266.51	0.5362	
Univ: 418	1178.66	1139.69	0.1466	
Univ: 419	1351.33	1301.06	0.0033	
Univ: 420	1303.57	1271.00	0.0010	
Univ: 421	1313.48	1269.37	0.0019	
Univ: 422	1340.47	1306.39	0.0023	
Univ: 423	1333.00	1272.62	0.2383	
Univ: 424	1224.88	1268.03	0.0138	
Univ: 425	1308.98	1303.70	0.0124	
Univ: 426	1384.15	1280.28	0.1004	
Univ: 427	1510.40	1273.95	0.0042	
Univ: 428	1398.69	1196.29	8.1962	
Univ: 429	1314.16	1244.45	0.2314	
Univ: 430	1225.30	1301.16	0.1158	
Univ: 431	1363.13	1157.59	0.9368	
Univ: 432	1164.05	1218.47	0.0321	
Univ: 433	1294.27	1220.41	2.4206	
Univ: 434	1293.23	1308.44	0.0010	
Univ: 435	1601.45	1266.43	0.0104	
Univ: 436	1500.29	1257.96	0.8342	
Univ: 437	1357.42	1244.23	1.5669	
Univ: 438	1262.50	1304.31	0.0014	
Univ: 439	1267.37	1329.58	0.0006	
Univ: 440	1177.43	1275.30	0.0260	
Univ: 441	1200.67	1259.52	0.2629	
Univ: 442	1397.15	1242.58	5.9711	
Univ: 443	1322.84	1262.88	0.1965	
Univ: 444	1309.06	1250.85	0.0702	
Univ: 445	1466.51	1240.75	1.1415	
Univ: 446	1398.57	1188.10	23.9161	
Univ: 447	1251.66	1326.37	0.0000	
Univ: 448	1324.02	1198.91	13.9463	
Univ: 449	1330.99	1192.68	0.3023	
Univ: 450	1462.07	1274.46	0.4548	
Univ: 451	1293.73	1198.98	2.1815	
Univ: 452	1219.73	1266.67	0.5119	
Univ: 453	1450.98	1187.21	2.7943	
Univ: 454	1467.70	1176.77	21.1727	
Univ: 455	1297.03	1282.62	0.0056	
Univ: 456	1257.90	1273.84	0.1038	
Univ: 457	1433.78	1250.79	0.5594	
Univ: 458	1325.65	1277.27	0.0016	
Univ: 459	1340.29	1233.02	5.8157	
Univ: 460	1205.61	1056.05	0.1335	
Univ: 461	1309.48	1199.41	12.6646	
Univ: 462	1226.94	1233.18	0.8824	
Univ: 463	1325.37	1302.80	0.0962	
Univ: 464	1291.68	1276.65	0.0430	
Univ: 465	1287.75	1180.25	4.3050	
Univ: 466	1318.55	1249.30	0.0151	
Univ: 467	1444.37	1309.11	0.0700	
Univ: 468	1247.44	1292.43	0.0137	
Univ: 469	1238.76	1307.80	0.0001	
Univ: 470	1277.88	1307.19	0.0072	
Univ: 471	1371.03	1284.16	0.0269	
Univ: 472	1169.58	1263.67	0.0296	
Univ: 473	1567.33	1234.43	3.3365	
Univ: 474	1239.05	1178.64	1.4278	
Univ: 475	1289.22	1180.70	2.7681	
Univ: 476	1296.30	1248.47	1.8295	
Univ: 477	1331.08	1255.17	0.0737	
Univ: 478	1355.53	1244.16	0.5887	
Univ: 479	1393.56	1220.51	0.7016	
Univ: 480	1243.39	1267.00	0.0231	
Univ: 481	1353.84	1271.53	0.0007	
Univ: 482	1288.90	1182.79	6.6250	
Univ: 483	1460.89	1177.14	14.3099	
Univ: 484	1453.20	1285.90	0.0185	
Univ: 485	1469.39	1268.05	0.2753	
Univ: 486	1272.34	1285.04	0.3365	
Univ: 487	1366.27	1235.51	3.5359	
Univ: 488	1257.11	1230.55	0.0021	
Univ: 489	1199.97	1296.01	0.0742	
Univ: 490	1225.53	1278.20	0.0538	
Univ: 491	1166.76	1309.72	0.0108	
Univ: 492	1238.97	1263.55	0.2402	
Univ: 493	1380.38	1281.81	0.1317	
Univ: 494	1316.96	1200.02	1.3161	
Univ: 495	1287.33	1181.25	6.9599	
Univ: 496	1242.26	1302.75	0.0072	
Univ: 497	1556.83	1285.17	0.0922	
Univ: 498	1376.40	1313.16	0.0177	
Univ: 499	1496.13	1300.41	0.0037	
Univ: 500	1377.71	1314.01	0.0312	
Univ: 501	1208.10	1442.50	0.0000	
Univ: 502	1272.02	1397.68	0.0000	
Univ: 503	1297.02	1443.56	0.0000	
Univ: 504	1309.44	1329.64	0.0005	
Univ: 505	1236.10	1388.92	0.0000	
Univ: 506	1270.74	1334.79	0.0001	
Univ: 507	1208.44	1344.29	0.0000	
Univ: 508	1250.89	1497.61	0.0000	
Univ: 509	1385.13	1346.20	0.0001	
Univ: 510	1426.21	1411.14	0.0000	
Univ: 511	1397.74	1479.95	0.0000	
Univ: 512	1293.77	1366.70	0.0000	
Univ: 513	1402.16	1444.71	0.0000	
Univ: 514	1174.67	1347.09	0.0018	
Univ: 515	1283.06	1429.20	0.0000	
Univ: 516	1289.36	1342.61	0.0126	
Univ: 517	1482.56	1326.21	0.0067	
Univ: 518	1560.61	1411.07	0.0000	
Univ: 519	1327.76	1418.59	0.0000	
Univ: 520	1279.99	1406.27	0.0000	
Univ: 521	1303.98	1442.11	0.0000	
Univ: 522	1307.40	1613.19	0.0000	
Univ: 523	1354.43	1449.93	0.0000	
Univ: 524	1321.59	1462.62	0.0000	
Univ: 525	1395.99	1311.69	0.1034	
Univ: 526	1495.69	1387.60	0.0001	
Univ: 527	1410.02	1334.73	0.0035	
Univ: 528	1145.45	1372.82	0.0002	
Univ: 529	1295.41	1408.77	0.0000	
Univ: 530	1354.41	1436.15	0.0000	
Univ: 531	1273.36	1373.95	0.0002	
Univ: 532	1328.68	1454.87	0.0000	
Univ: 533	1328.17	1347.59	0.0011	
Univ: 534	1218.41	1466.77	0.0000	
Univ: 535	1368.95	1363.48	0.0001	
Univ: 536	1370.40	1317.64	0.0119	
Univ: 537	1194.04	1350.31	0.0003	
Univ: 538	1383.02	1313.70	0.0240	
Univ: 539	1333.33	1373.03	0.0002	
Univ: 540	1473.15	1322.83	0.0068	
Univ: 541	1374.22	1383.91	0.0000	
Univ: 542	1275.67	1373.94	0.0011	
Univ: 543	1293.04	1490.42	0.0000	
Univ: 544	1147.91	1414.62	0.0000	
Univ: 545	1420.44	1403.81	0.0000	
Univ: 546	1261.54	1387.42	0.0000	
Univ: 547	1335.07	1402.43	0.0000	
Univ: 548	1237.92	1540.08	0.0000	
Univ: 549	1321.63	1362.11	0.0000	
Univ: 550	1248.60	1450.07	0.0000	
Univ: 551	1220.98	1380.02	0.0000	
Univ: 552	1292.80	1363.60	0.0001	
Univ: 553	1587.79	1362.98	0.0000	
Univ: 554	1417.88	1388.08	0.0000	
Univ: 555	1251.45	1415.64	0.0000	
Univ: 556	1084.96	1362.21	0.0000	
Univ: 557	1450.00	1339.30	0.0001	
Univ: 558	1304.74	1338.64	0.0003	
Univ: 559	1377.92	1349.35	0.0000	
Univ: 560	1247.51	1447.85	0.0000	
Univ: 561	1231.46	1335.68	0.0115	
Univ: 562	1234.86	1470.61	0.0000	
Univ: 563	1471.30	1391.02	0.0000	
Univ: 564	1260.43	1416.89	0.0000	
Univ: 565	1369.20	1326.37	0.0692	
Univ: 566	1511.18	1494.45	0.0000	
Univ: 567	1243.49	1498.47	0.0000	
Univ: 568	1454.21	1477.42	0.0000	
Univ: 569	1336.83	1367.69	0.0000	
Univ: 570	1136.09	1383.99	0.0001	
Univ: 571	1195.50	1474.56	0.0000	
Univ: 572	1221.43	1452.00	0.0000	
Univ: 573	1351.68	1335.90	0.0003	
Univ: 574	1371.90	1445.40	0.0000	
Univ: 575	1330.52	1381.49	0.0000	
Univ: 576	1358.92	1376.70	0.0000	
Univ: 577	1106.56	1362.51	0.0006	
Univ: 578	1250.17	1354.98	0.0006	
Univ: 579	1255.05	1400.32	0.0000	
Univ: 580	1349.88	1398.01	0.0000	
Univ: 581	1319.83	1381.90	0.0000	
Univ: 582	1319.61	1352.05	0.0005	
Univ: 583	1313.96	1350.03	0.0009	
Univ: 584	1432.16	1420.02	0.0000	
Univ: 585	1392.39	1451.07	0.0000	
Univ: 586	1300.12	1398.75	0.0000	
Univ: 587	1288.73	1474.63	0.0000	
Univ: 588	1311.31	1399.36	0.0000	
Univ: 589	1355.53	1343.20	0.0000	
Univ: 590	1358.31	1331.67	0.0021	
Univ: 591	1352.01	1371.10	0.0000	
Univ: 592	1465.04	1380.04	0.0000	
Univ: 593	1149.84	1560.86	0.0000	
Univ: 594	1233.75	1504.84	0.0000	
Univ: 595	1406.96	1331.40	0.0039	
Univ: 596	1453.25	1578.28	0.0000	
Univ: 597	1369.41	1421.26	0.0000	
Univ: 598	1302.18	1359.46	0.0001	
Univ: 599	1374.65	1398.40	0.0000	
Univ: 600	1405.87	1329.34	0.0000	
Univ: 601	1386.53	1332.77	0.0055	
Univ: 602	1207.66	1333.35	0.0115	
Univ: 603	1470.51	1443.19	0.0000	
Univ: 604	1396.63	1536.07	0.0000	
Univ: 605	1235.50	1394.76	0.0000	
Univ: 606	1359.88	1438.09	0.0000	
Univ: 607	1290.27	1602.91	0.0000	
Univ: 608	1352.35	1387.04	0.0000	
Univ: 609	1292.57	1358.27	0.0002	
Univ: 610	1373.00	1403.38	0.0000	
Univ: 611	1358.72	1374.20	0.0020	
Univ: 612	1361.17	1412.64	0.0000	
Univ: 613	1292.54	1335.41	0.0011	
Univ: 614	1358.46	1670.12	0.0000	
Univ: 615	1395.55	1340.40	0.0056	
Univ: 616	1325.78	1485.53	0.0000	
Univ: 617	1075.54	1638.55	0.0000	
Univ: 618	1252.86	1464.08	0.0000	
Univ: 619	1094.54	1341.11	0.0027	
Univ: 620	1480.90	1378.29	0.0000	
Univ: 621	1505.12	1530.50	0.0000	
Univ: 622	1442.06	1368.50	0.0014	
Univ: 623	1269.96	1366.63	0.0000	
Univ: 624	1399.11	1401.89	0.0000	
Univ: 625	1251.70	1513.03	0.0000	
Univ: 626	1337.43	1428.91	0.0000	
Univ: 627	1207.38	1452.52	0.0000	
Univ: 628	1291.93	1334.75	0.0000	
Univ: 629	1434.40	1449.22	0.0000	
Univ: 630	1405.13	1368.34	0.0000	
Univ: 631	1141.34	1331.57	0.0003	
Univ: 632	1214.15	1319.61	0.0153	
Univ: 633	1300.66	1332.54	0.0005	
Univ: 634	1288.30	1491.46	0.0000	
Univ: 635	1384.29	1456.08	0.0000	
Univ: 636	1170.52	1450.44	0.0000	
Univ: 637	1395.16	1381.92	0.0000	
Univ: 638	1304.85	1379.25	0.0001	
Univ: 639	1308.64	1404.25	0.0000	
Univ: 640	1204.83	1445.43	0.0000	
Univ: 641	1565.04	1352.01	0.0010	
Univ: 642	1376.78	1460.83	0.0000	
Univ: 643	1364.06	1353.02	0.0003	
Univ: 644	1408.67	1432.47	0.0000	
Univ: 645	1181.90	1578.05	0.0000	
Univ: 646	1310.17	1351.90	0.0001	
Univ: 647	1221.57	1398.30	0.0000	
Univ: 648	1264.69	1384.28	0.0000	
Univ: 649	1271.89	1336.21	0.0015	
Univ: 650	1339.54	1561.06	0.0000	
Univ: 651	1245.94	1562.37	0.0000	
Univ: 652	1264.48	1349.00	0.0002	
Univ: 653	1437.86	1357.20	0.0000	
Univ: 654	1445.65	1383.94	0.0000	
Univ: 655	1370.17	1481.47	0.0000	
Univ: 656	1284.26	1386.72	0.0000	
Univ: 657	1276.57	1391.80	0.0000	
Univ: 658	1316.10	1354.85	0.0009	
Univ: 659	1304.59	1344.75	0.0001	
Univ: 660	1220.25	1320.02	0.0198	
Univ: 661	1203.01	1478.93	0.0000	
Univ: 662	1247.50	1480.18	0.0000	
Univ: 663	1244.04	1446.08	0.0000	
Univ: 664	1312.67	1363.24	0.0002	
Univ: 665	1289.13	1494.44	0.0000	
Univ: 666	1184.49	1383.31	0.0002	
Univ: 667	1404.06	1445.35	0.0000	
Univ: 668	1316.42	1447.70	0.0000	
Univ: 669	1404.68	1420.70	0.0000	
Univ: 670	1063.81	1424.85	0.0000	
Univ: 671	1194.56	1413.94	0.0000	
Univ: 672	1158.08	1334.87	0.0148	
Univ: 673	1369.60	1302.22	0.0680	
Univ: 674	1253.54	1487.29	0.0000	
Univ: 675	1231.53	1324.93	0.0160	
Univ: 676	1236.23	1439.53	0.0000	
Univ: 677	1381.31	1391.48	0.0000	
Univ: 678	1268.24	1492.97	0.0000	
Univ: 679	1436.83	1355.12	0.0000	
Univ: 680	1317.23	1345.74	0.0066	
Univ: 681	1330.64	1487.04	0.0000	
Univ: 682	1438.08	1365.20	0.0000	
Univ: 683	1296.70	1371.88	0.0000	
Univ: 684	1418.43	1408.17	0.0000	
Univ: 685	1344.32	1558.48	0.0000	
Univ: 686	1220.01	1352.59	0.0026	
Univ: 687	1242.74	1416.88	0.0000	
Univ: 688	1286.02	1418.17	0.0000	
Univ: 689	1279.24	1384.10	0.0000	
Univ: 690	1141.04	1343.12	0.0001	
Univ: 691	1405.65	1386.09	0.0000	
Univ: 692	1290.64	1354.30	0.0009	
Univ: 693	1146.17	1479.62	0.0000	
Univ: 694	1236.43	1299.91	0.1048	
Univ: 695	1193.44	1398.08	0.0000	
Univ: 696	1454.22	1398.05	0.0000	
Univ: 697	1380.15	1361.61	0.0001	
Univ: 698	1222.82	1395.91	0.0000	
Univ: 699	1382.82	1411.13	0.0000	
Univ: 700	1283.87	1392.08	0.0000	
Univ: 701	1301.55	1341.37	0.0004	
Univ: 702	1203.13	1337.17	0.0021	
Univ: 703	1222.20	1437.32	0.0000	
Univ: 704	1273.76	1404.74	0.0000	
Univ: 705	1307.91	1442.05	0.0000	
Univ: 706	1279.51	1347.74	0.0001	
Univ: 707	1260.02	1353.99	0.0000	
Univ: 708	1374.85	1346.59	0.0088	
Univ: 709	1088.98	1357.89	0.0013	
Univ: 710	1507.60	1337.49	0.0006	
Univ: 711	1385.21	1419.18	0.0000	
Univ: 712	1350.61	1327.56	0.0017	
Univ: 713	1284.86	1335.74	0.0013	
Univ: 714	1325.52	1355.11	0.0007	
Univ: 715	1498.21	1351.33	0.0000	
Univ: 716	1321.08	1340.47	0.0010	
Univ: 717	1269.77	1333.00	0.0123	
Univ: 718	1368.65	1384.15	0.0000	
Univ: 719	1387.70	1510.40	0.0000	
Univ: 720	1336.22	1398.69	0.0000	
Univ: 721	1495.14	1363.13	0.0003	
Univ: 722	1390.63	1601.47	0.0000	
Univ: 723	1247.77	1500.29	0.0000	
Univ: 724	1221.91	1357.42	0.0000	
Univ: 725	1185.04	1397.45	0.0000	
Univ: 726	1429.48	1466.54	0.0000	
Univ: 727	1329.54	1398.57	0.0000	
Univ: 728	1124.46	1330.99	0.0011	
Univ: 729	1452.09	1462.06	0.0000	
Univ: 730	1266.56	1451.06	0.0000	
Univ: 731	1295.04	1467.70	0.0000	
Univ: 732	1313.57	1433.78	0.0000	
Univ: 733	1657.85	1325.66	0.0054	
Univ: 734	1300.49	1340.29	0.0011	
Univ: 735	1357.97	1318.55	0.0647	
Univ: 736	1358.45	1444.37	0.0000	
Univ: 737	1302.72	1371.03	0.0000	
Univ: 738	1210.61	1567.33	0.0000	
Univ: 739	1228.22	1331.09	0.0094	
Univ: 740	1341.80	1355.53	0.0019	
Univ: 741	1393.28	1393.56	0.0000	
Univ: 742	1235.43	1353.84	0.0000	
Univ: 743	1208.73	1460.89	0.0000	
Univ: 744	1502.81	1453.20	0.0000	
Univ: 745	1226.69	1469.39	0.0000	
Univ: 746	1210.82	1366.27	0.0006	
Univ: 747	1226.90	1380.39	0.0000	
Univ: 748	1176.31	1556.83	0.0000	
Univ: 749	1263.92	1376.48	0.0000	
Univ: 750	1286.13	1496.15	0.0000	
Univ: 751	1250.41	1377.72	0.0000	
Univ: 752	1315.36	1309.52	0.0367	
Univ: 753	1194.09	1385.16	0.0000	
Univ: 754	1298.02	1426.22	0.0000	
Univ: 755	1196.22	1397.73	0.0000	
Univ: 756	1208.44	1402.16	0.0000	
Univ: 757	1300.30	1482.56	0.0000	
Univ: 758	1292.37	1560.61	0.0000	
Univ: 759	1369.40	1327.76	0.0072	
Univ: 760	1465.75	1354.43	0.0000	
Univ: 761	1547.11	1321.59	0.0043	
Univ: 762	1287.78	1396.12	0.0000	
Univ: 763	1230.45	1495.69	0.0000	
Univ: 764	1347.84	1410.04	0.0000	
Univ: 765	1376.16	1354.42	0.0000	
Univ: 766	1352.49	1328.68	0.0338	
Univ: 767	1293.01	1328.17	0.0002	
Univ: 768	1235.65	1368.95	0.0004	
Univ: 769	1485.17	1370.40	0.0000	
Univ: 770	1436.41	1383.02	0.0000	
Univ: 771	1282.84	1333.34	0.0021	
Univ: 772	1351.59	1473.20	0.0000	
Univ: 773	1324.45	1374.22	0.0000	
Univ: 774	1260.86	1420.44	0.0000	
Univ: 775	1451.92	1321.75	0.0211	
Univ: 776	1374.72	1587.79	0.0000	
Univ: 777	1261.95	1417.97	0.0000	
Univ: 778	1163.18	1450.01	0.0000	
Univ: 779	1259.79	1377.92	0.0001	
Univ: 780	1389.76	1471.30	0.0000	
Univ: 781	1403.29	1369.20	0.0001	
Univ: 782	1419.31	1511.19	0.0000	
Univ: 783	1310.62	1454.21	0.0000	
Univ: 784	1303.93	1336.85	0.0004	
Univ: 785	1234.95	1351.68	0.0001	
Univ: 786	1262.26	1371.89	0.0000	
Univ: 787	1302.07	1330.52	0.0017	
Univ: 788	1274.57	1358.93	0.0001	
Univ: 789	1309.12	1349.89	0.0036	
Univ: 790	1363.86	1319.83	0.0105	
Univ: 791	1367.01	1319.61	0.0152	
Univ: 792	1327.96	1313.96	0.0005	
Univ: 793	1350.18	1432.20	0.0000	
Univ: 794	1522.28	1392.39	0.0000	
Univ: 795	1575.39	1355.53	0.0063	
Univ: 796	1252.90	1358.31	0.0000	
Univ: 797	1301.44	1352.01	0.0000	
Univ: 798	1297.15	1465.05	0.0000	
Univ: 799	1317.76	1406.96	0.0000	
Univ: 800	1336.83	1453.28	0.0000	
Univ: 801	1235.64	1369.41	0.0003	
Univ: 802	1525.45	1374.65	0.0005	
Univ: 803	1202.85	1405.88	0.0000	
Univ: 804	1618.68	1386.68	0.0000	
Univ: 805	1379.28	1470.51	0.0000	
Univ: 806	1576.64	1396.64	0.0000	
Univ: 807	1257.12	1359.91	0.0000	
Univ: 808	1338.79	1352.34	0.0001	
Univ: 809	1321.88	1372.99	0.0000	
Univ: 810	1414.21	1358.72	0.0012	
Univ: 811	1266.51	1361.17	0.0013	
Univ: 812	1375.74	1358.47	0.0001	
Univ: 813	1139.69	1395.55	0.0000	
Univ: 814	1301.06	1325.78	0.0047	
Univ: 815	1271.00	1480.97	0.0000	
Univ: 816	1429.96	1505.12	0.0000	
Univ: 817	1269.37	1442.06	0.0000	
Univ: 818	1415.17	1399.12	0.0000	
Univ: 819	1306.39	1337.44	0.0032	
Univ: 820	1341.89	1434.43	0.0000	
Univ: 821	1272.34	1405.17	0.0000	
Univ: 822	1268.01	1384.30	0.0000	
Univ: 823	1430.45	1395.19	0.0000	
Univ: 824	1312.86	1565.05	0.0000	
Univ: 825	1439.43	1376.79	0.0000	
Univ: 826	1303.70	1364.07	0.0014	
Univ: 827	1350.05	1408.71	0.0000	
Univ: 828	1280.29	1339.54	0.0070	
Univ: 829	1377.19	1437.86	0.0000	
Univ: 830	1273.95	1445.66	0.0000	
Univ: 831	1196.29	1370.18	0.0003	
Univ: 832	1333.46	1404.06	0.0000	
Univ: 833	1244.45	1404.68	0.0000	
Univ: 834	1301.16	1369.59	0.0004	
Univ: 835	1157.59	1381.30	0.0000	
Univ: 836	1218.45	1436.89	0.0000	
Univ: 837	1220.41	1317.23	0.0230	
Univ: 838	1365.22	1330.64	0.0120	
Univ: 839	1379.33	1438.11	0.0000	
Univ: 840	1308.44	1418.43	0.0000	
Univ: 841	1266.43	1344.35	0.0011	
Univ: 842	1412.71	1405.65	0.0000	
Univ: 843	1506.21	1454.22	0.0000	
Univ: 844	1435.41	1380.15	0.0000	
Univ: 845	1431.68	1382.82	0.0001	
Univ: 846	1460.40	1374.85	0.0002	
Univ: 847	1257.96	1507.61	0.0000	
Univ: 848	1387.71	1385.21	0.0000	
Univ: 849	1351.51	1350.64	0.0006	
Univ: 850	1424.50	1498.22	0.0000	
Univ: 851	1244.23	1368.66	0.0000	
Univ: 852	1400.78	1387.70	0.0000	
Univ: 853	1438.58	1336.22	0.0057	
Univ: 854	1304.28	1495.14	0.0000	
Univ: 855	1329.58	1390.63	0.0000	
Univ: 856	1275.29	1429.48	0.0000	
Univ: 857	1358.40	1329.54	0.0146	
Univ: 858	1259.52	1452.09	0.0000	
Univ: 859	1570.47	1657.87	0.0000	
Univ: 860	1564.42	1358.00	0.0000	
Univ: 861	1242.57	1358.45	0.0001	
Univ: 862	1262.62	1341.80	0.0033	
Univ: 863	1386.64	1393.28	0.0000	
Univ: 864	1250.80	1502.81	0.0000	
Univ: 865	1333.54	1369.41	0.0024	
Univ: 866	1517.52	1465.76	0.0000	
Univ: 867	1240.75	1547.12	0.0000	
Univ: 868	1188.09	1347.84	0.0000	
Univ: 869	1326.37	1376.16	0.0000	
Univ: 870	1198.87	1352.49	0.0003	
Univ: 871	1192.68	1485.18	0.0000	
Univ: 872	1335.66	1436.42	0.0000	
Univ: 873	1274.46	1351.59	0.0002	
Univ: 874	1198.99	1451.92	0.0000	
Univ: 875	1414.90	1374.72	0.0004	
Univ: 876	1365.57	1389.76	0.0000	
Univ: 877	1455.21	1403.29	0.0000	
Univ: 878	1266.67	1419.31	0.0000	
Univ: 879	1447.36	1303.92	0.1831	
Univ: 880	1359.07	1363.86	0.0011	
Univ: 881	1338.27	1367.01	0.0000	
Univ: 882	1187.21	1327.99	0.0027	
Univ: 883	1176.77	1350.18	0.0001	
Univ: 884	1512.66	1522.34	0.0000	
Univ: 885	1578.06	1575.43	0.0000	
Univ: 886	1282.53	1336.83	0.0001	
Univ: 887	1369.56	1525.46	0.0000	
Univ: 888	1273.85	1618.69	0.0000	
Univ: 889	1356.42	1379.28	0.0000	
Univ: 890	1250.80	1576.64	0.0000	
Univ: 891	1339.48	1338.79	0.0383	
Univ: 892	1395.41	1321.88	0.0007	
Univ: 893	1434.23	1414.27	0.0000	
Univ: 894	1397.98	1375.74	0.0000	
Univ: 895	1277.23	1429.98	0.0000	
Univ: 896	1233.02	1415.19	0.0000	
Univ: 897	1056.05	1341.98	0.0002	
Univ: 898	1572.30	1430.46	0.0000	
Univ: 899	1320.93	1312.91	0.0634	
Univ: 900	1470.97	1439.43	0.0000	
Univ: 901	1493.57	1350.05	0.0003	
Univ: 902	1433.33	1377.19	0.0000	
Univ: 903	1199.41	1333.73	0.0001	
Univ: 904	1440.10	1365.22	0.0001	
Univ: 905	1233.18	1379.32	0.0002	
Univ: 906	1302.80	1412.71	0.0000	
Univ: 907	1276.66	1506.22	0.0000	
Univ: 908	1180.25	1435.41	0.0000	
Univ: 909	1432.91	1431.70	0.0000	
Univ: 910	1443.66	1460.41	0.0000	
Univ: 911	1358.57	1387.73	0.0000	
Univ: 912	1323.68	1351.56	0.0000	
Univ: 913	1360.38	1424.73	0.0000	
Univ: 914	1325.16	1400.79	0.0000	
Univ: 915	1249.30	1438.57	0.0000	
Univ: 916	1484.60	1358.41	0.0023	
Univ: 917	1366.54	1570.46	0.0000	
Univ: 918	1465.87	1564.42	0.0000	
Univ: 919	1326.39	1386.64	0.0000	
Univ: 920	1309.11	1333.54	0.0058	
Univ: 921	1292.43	1517.53	0.0000	
Univ: 922	1401.53	1335.66	0.0025	
Univ: 923	1398.93	1414.93	0.0000	
Univ: 924	1307.79	1365.57	0.0002	
Univ: 925	1321.25	1455.21	0.0000	
Univ: 926	1307.19	1447.40	0.0000	
Univ: 927	1427.56	1359.07	0.0001	
Univ: 928	1284.16	1338.27	0.0004	
Univ: 929	1263.67	1512.66	0.0000	
Univ: 930	1234.43	1578.06	0.0000	
Univ: 931	1401.85	1369.56	0.0012	
Univ: 932	1655.42	1356.42	0.0000	
Univ: 933	1368.91	1339.49	0.0009	
Univ: 934	1178.61	1395.41	0.0000	
Univ: 935	1406.55	1434.29	0.0000	
Univ: 936	1333.56	1397.98	0.0000	
Univ: 937	1180.70	1572.32	0.0000	
Univ: 938	1248.47	1320.93	0.0007	
Univ: 939	1325.92	1470.97	0.0000	
Univ: 940	1494.85	1493.64	0.0000	
Univ: 941	1362.91	1433.73	0.0000	
Univ: 942	1389.31	1440.13	0.0000	
Univ: 943	1460.17	1432.93	0.0000	
Univ: 944	1480.16	1443.66	0.0000	
Univ: 945	1350.89	1358.57	0.0001	
Univ: 946	1361.77	1323.68	0.0012	
Univ: 947	1255.17	1360.38	0.0001	
Univ: 948	1315.68	1325.16	0.0056	
Univ: 949	1244.16	1484.61	0.0000	
Univ: 950	1381.83	1366.54	0.0001	
Univ: 951	1220.51	1465.87	0.0000	
Univ: 952	1381.13	1326.41	0.0089	
Univ: 953	1266.99	1401.53	0.0000	
Univ: 954	1393.10	1399.09	0.0000	
Univ: 955	1271.53	1321.25	0.0001	
Univ: 956	1182.75	1427.55	0.0000	
Univ: 957	1177.14	1401.85	0.0000	
Univ: 958	1285.87	1655.42	0.0000	
Univ: 959	1396.98	1368.91	0.0001	
Univ: 960	1359.86	1406.55	0.0000	
Univ: 961	1510.48	1333.56	0.0143	
Univ: 962	1502.95	1325.97	0.0016	
Univ: 963	1268.05	1494.85	0.0000	
Univ: 964	1574.98	1362.91	0.0002	
Univ: 965	1285.04	1389.33	0.0000	
Univ: 966	1235.34	1460.16	0.0000	
Univ: 967	1230.55	1480.17	0.0000	
Univ: 968	1317.15	1350.88	0.0000	
Univ: 969	1433.56	1361.76	0.0000	
Univ: 970	1296.00	1315.68	0.0279	
Univ: 971	1379.69	1381.85	0.0000	
Univ: 972	1423.29	1381.15	0.0000	
Univ: 973	1278.20	1393.10	0.0000	
Univ: 974	1391.96	1396.97	0.0000	
Univ: 975	1309.50	1359.86	0.0004	
Univ: 976	1391.50	1510.48	0.0000	
Univ: 977	1417.25	1502.95	0.0000	
Univ: 978	1263.56	1574.98	0.0000	
Univ: 979	1499.56	1317.14	0.0421	
Univ: 980	1563.54	1433.56	0.0000	
Univ: 981	1281.81	1379.69	0.0000	
Univ: 982	1200.02	1423.28	0.0000	
Univ: 983	1181.25	1391.99	0.0000	
Univ: 984	1302.69	1391.50	0.0000	
Univ: 985	1346.08	1417.25	0.0000	
Univ: 986	1395.45	1499.56	0.0000	
Univ: 987	1377.54	1563.55	0.0000	
Univ: 988	1285.14	1346.08	0.0000	
Univ: 989	1313.16	1395.45	0.0000	
Univ: 990	1333.04	1377.56	0.0000	
Univ: 991	1409.26	1333.04	0.0193	
Univ: 992	1372.34	1409.37	0.0000	
Univ: 993	1300.41	1372.34	0.0000	
Univ: 994	1443.44	1443.44	0.0000	
Univ: 995	1384.23	1384.23	0.0000	
Univ: 996	1445.20	1445.22	0.0000	
Univ: 997	1325.62	1325.64	0.0062	
Univ: 998	1388.00	1388.01	0.0000	
Univ: 999	1412.61	1412.61	0.0000	
