CV:    -1	806.02	742.73	
Univ:   0	811.98	729.21	4.7996	
Univ:   1	729.21	777.00	0.4793	
Univ:   2	777.00	754.28	1.7721	
Univ:   3	789.61	755.94	0.0265	
Univ:   4	754.28	664.21	2.0172	
Univ:   5	861.21	779.30	18.2290	
Univ:   6	755.94	748.44	6.0805	
Univ:   7	847.47	750.38	0.0146	
Univ:   8	847.00	866.38	0.0004	
Univ:   9	664.21	739.14	1.7594	
Univ:  10	779.30	813.89	0.0766	
Univ:  11	853.35	765.06	0.7419	
Univ:  12	748.44	873.46	0.0040	
Univ:  13	849.56	664.20	0.9884	
Univ:  14	750.38	688.35	3.7430	
Univ:  15	866.38	679.31	2.3940	
Univ:  16	739.14	794.24	0.0000	
Univ:  17	813.89	751.87	1.1059	
Univ:  18	765.06	767.97	0.5576	
Univ:  19	854.35	784.32	0.4062	
Univ:  20	873.46	714.37	8.8922	
Univ:  21	876.66	736.78	1.5933	
Univ:  22	808.80	764.00	2.6269	
Univ:  23	843.99	843.61	0.0001	
Univ:  24	909.93	725.60	1.4874	
Univ:  25	664.20	793.82	7.7481	
Univ:  26	802.76	766.18	17.6498	
Univ:  27	840.70	815.42	0.0009	
Univ:  28	688.35	794.24	4.5745	
Univ:  29	803.50	882.77	0.0003	
Univ:  30	679.31	793.71	0.0193	
Univ:  31	794.24	826.97	0.0494	
Univ:  32	815.26	774.97	0.3966	
Univ:  33	751.87	792.05	1.6450	
Univ:  34	767.97	774.26	0.0201	
Univ:  35	818.31	812.68	0.0087	
Univ:  36	785.40	856.19	0.0244	
Univ:  37	889.26	772.11	0.0577	
Univ:  38	796.44	845.43	0.0001	
Univ:  39	875.82	813.63	0.0473	
Univ:  40	784.32	701.55	0.5808	
Univ:  41	714.37	720.35	14.5763	
Univ:  42	836.18	742.23	26.9529	
Univ:  43	736.78	840.72	0.7016	
Univ:  44	764.00	688.84	2.7736	
Univ:  45	976.00	815.04	0.0235	
Univ:  46	843.61	800.57	0.0095	
Univ:  47	833.44	797.26	0.0129	
Univ:  48	725.60	848.04	0.0008	
Univ:  49	843.11	871.31	0.0030	
Univ:  50	793.82	686.74	0.6466	
Univ:  51	766.18	760.26	0.0040	
Univ:  52	779.90	724.87	11.4931	
Univ:  53	805.67	794.59	2.6397	
Univ:  54	815.42	725.54	0.0894	
Univ:  55	794.24	862.28	0.0015	
Univ:  56	882.77	741.99	5.7128	
Univ:  57	820.41	831.54	0.0052	
Univ:  58	822.94	760.26	0.0783	
Univ:  59	889.73	770.61	0.0194	
Univ:  60	834.04	724.25	4.3324	
Univ:  61	846.14	721.12	1.0557	
Univ:  62	859.56	772.41	0.0226	
Univ:  63	793.71	834.97	0.0181	
Univ:  64	826.97	730.97	3.9175	
Univ:  65	774.97	794.33	0.0000	
Univ:  66	792.05	745.33	0.3415	
Univ:  67	774.26	842.35	0.0084	
Univ:  68	812.68	702.57	0.1674	
Univ:  69	856.19	787.26	0.0586	
Univ:  70	822.97	679.93	1.6557	
Univ:  71	772.11	802.78	0.0107	
Univ:  72	872.62	817.79	1.4372	
Univ:  73	845.43	835.85	0.0084	
Univ:  74	811.87	812.68	0.1002	
Univ:  75	757.37	809.30	0.0041	
Univ:  76	809.87	792.37	0.0228	
Univ:  77	813.63	759.16	0.0001	
Univ:  78	701.55	783.49	0.0120	
Univ:  79	746.91	809.08	0.0490	
Univ:  80	720.35	751.52	0.0345	
Univ:  81	742.23	691.66	10.2078	
Univ:  82	840.72	792.43	0.0006	
Univ:  83	801.94	835.78	0.0006	
Univ:  84	688.84	709.67	0.5262	
Univ:  85	823.61	782.41	6.2670	
Univ:  86	866.47	853.61	0.0189	
Univ:  87	823.19	788.82	2.3601	
Univ:  88	815.04	862.63	0.0079	
Univ:  89	887.33	660.22	1.9393	
Univ:  90	876.83	845.45	0.1171	
Univ:  91	824.91	703.65	4.6141	
Univ:  92	800.57	830.31	0.0016	
Univ:  93	884.04	744.01	0.0003	
Univ:  94	866.60	747.62	8.0226	
Univ:  95	797.26	795.31	0.0009	
Univ:  96	848.04	741.13	0.0862	
Univ:  97	882.70	733.37	0.1362	
Univ:  98	820.14	774.89	5.0591	
Univ:  99	871.31	841.05	0.0254	
Univ: 100	686.74	733.33	0.0020	
Univ: 101	892.64	740.73	2.7334	
Univ: 102	838.54	752.77	0.1932	
Univ: 103	873.14	769.65	0.0646	
Univ: 104	763.80	780.65	6.9364	
Univ: 105	831.81	741.23	22.2632	
Univ: 106	879.54	710.71	0.3077	
Univ: 107	760.26	767.78	0.2392	
Univ: 108	724.87	771.10	0.7333	
Univ: 109	794.59	824.58	0.0140	
Univ: 110	725.54	840.14	0.0016	
Univ: 111	862.28	801.54	2.5337	
Univ: 112	741.99	795.84	0.0015	
Univ: 113	792.04	709.41	0.0187	
Univ: 114	831.54	859.99	0.0056	
Univ: 115	847.04	797.26	0.0069	
Univ: 116	777.03	825.28	0.0106	
Univ: 117	897.27	805.33	0.0397	
Univ: 118	832.73	828.59	0.0440	
Univ: 119	816.96	754.26	2.1269	
Univ: 120	907.91	827.22	0.0488	
Univ: 121	847.52	780.23	0.0000	
Univ: 122	760.26	810.06	0.2953	
Univ: 123	770.61	744.55	0.2646	
Univ: 124	724.25	805.61	0.0061	
Univ: 125	721.12	804.67	0.0005	
Univ: 126	914.33	762.54	0.9268	
Univ: 127	763.23	795.47	6.5918	
Univ: 128	772.41	804.68	2.5873	
Univ: 129	883.87	768.64	6.4736	
Univ: 130	900.55	721.90	13.3334	
Univ: 131	833.13	738.73	5.9443	
Univ: 132	855.82	752.01	0.0003	
Univ: 133	818.03	776.81	0.0893	
Univ: 134	834.97	726.17	0.0272	
Univ: 135	962.05	727.39	1.2869	
Univ: 136	730.97	775.01	0.2487	
Univ: 137	940.87	767.80	0.0007	
Univ: 138	828.66	792.69	4.9736	
Univ: 139	794.33	770.46	0.0012	
Univ: 140	745.33	744.62	0.0367	
Univ: 141	842.35	772.31	0.2020	
Univ: 142	702.57	777.99	0.0157	
Univ: 143	787.26	858.14	0.0000	
Univ: 144	911.61	802.28	0.0557	
Univ: 145	679.93	837.73	0.0159	
Univ: 146	821.15	782.40	0.4268	
Univ: 147	802.78	791.31	1.3398	
Univ: 148	828.60	735.17	30.7099	
Univ: 149	817.79	800.72	6.3116	
Univ: 150	809.96	692.76	0.4250	
Univ: 151	835.85	682.16	0.0693	
Univ: 152	812.68	779.37	0.0024	
Univ: 153	796.55	738.07	1.5828	
Univ: 154	809.30	802.85	0.0046	
Univ: 155	862.74	680.44	2.2674	
Univ: 156	792.37	753.44	0.0554	
Univ: 157	828.39	793.75	0.1773	
Univ: 158	820.13	765.33	3.4980	
Univ: 159	861.47	711.40	12.5155	
Univ: 160	766.33	741.89	6.1035	
Univ: 161	759.16	775.13	0.8375	
Univ: 162	915.10	714.90	1.8636	
Univ: 163	783.49	795.60	0.0003	
Univ: 164	809.08	811.69	0.3594	
Univ: 165	751.52	807.33	0.0058	
Univ: 166	691.66	771.83	0.0004	
Univ: 167	926.24	756.68	0.0210	
Univ: 168	792.43	833.35	0.0334	
Univ: 169	835.78	771.57	0.0530	
Univ: 170	709.67	855.08	0.0005	
Univ: 171	782.41	696.48	1.8832	
Univ: 172	878.50	785.53	0.2410	
Univ: 173	906.41	831.17	0.0001	
Univ: 174	896.67	878.68	0.0002	
Univ: 175	835.42	651.71	1.8549	
Univ: 176	853.61	846.03	0.0001	
Univ: 177	788.82	781.37	0.5346	
Univ: 178	862.63	722.11	14.8848	
Univ: 179	660.22	832.77	0.0150	
Univ: 180	790.09	791.65	0.0429	
Univ: 181	909.20	847.98	0.0003	
Univ: 182	845.45	807.51	0.0023	
Univ: 183	789.65	794.90	0.0755	
Univ: 184	703.65	784.56	0.0592	
Univ: 185	830.31	840.66	0.0012	
Univ: 186	926.95	829.18	0.0348	
Univ: 187	951.32	767.10	0.1146	
Univ: 188	817.04	716.11	1.1583	
Univ: 189	968.87	749.50	9.6988	
Univ: 190	744.01	821.79	0.0561	
Univ: 191	747.62	800.63	0.0006	
Univ: 192	859.12	707.15	3.9773	
Univ: 193	840.30	817.14	0.1298	
Univ: 194	795.31	735.60	5.8177	
Univ: 195	835.14	752.16	7.6397	
Univ: 196	889.46	821.47	0.0286	
Univ: 197	736.08	742.66	0.5847	
Univ: 198	741.13	817.38	0.2290	
Univ: 199	811.22	742.30	21.0149	
Univ: 200	733.37	804.85	0.0015	
Univ: 201	774.89	787.10	0.0048	
Univ: 202	898.80	837.12	0.0749	
Univ: 203	841.05	762.37	14.6963	
Univ: 204	880.70	852.88	0.0003	
Univ: 205	733.33	786.43	0.0208	
Univ: 206	740.73	767.52	5.7900	
Univ: 207	892.30	748.13	0.0095	
Univ: 208	752.77	777.55	0.0022	
Univ: 209	912.84	728.42	0.2263	
Univ: 210	883.17	680.33	1.2614	
Univ: 211	769.65	827.92	0.0861	
Univ: 212	871.49	791.60	0.5203	
Univ: 213	860.62	790.63	0.3046	
Univ: 214	780.65	807.25	0.0161	
Univ: 215	853.44	717.55	14.7436	
Univ: 216	741.23	700.18	2.2251	
Univ: 217	710.71	792.36	0.0002	
Univ: 218	767.78	785.15	0.0075	
Univ: 219	798.48	779.95	0.3756	
Univ: 220	883.62	783.51	0.0001	
Univ: 221	890.01	816.51	0.0126	
Univ: 222	771.10	748.90	0.1208	
Univ: 223	824.58	859.00	0.0000	
Univ: 224	928.36	728.89	0.2889	
Univ: 225	799.70	709.67	1.2883	
Univ: 226	964.08	774.56	0.0537	
Univ: 227	840.14	814.02	0.8044	
Univ: 228	801.54	849.61	0.0001	
Univ: 229	959.06	841.38	0.0262	
Univ: 230	795.84	769.29	0.2674	
Univ: 231	709.41	815.82	0.4516	
Univ: 232	831.32	740.27	2.0138	
Univ: 233	859.99	726.92	0.0013	
Univ: 234	787.79	705.60	10.6045	
Univ: 235	880.77	798.80	4.4163	
Univ: 236	904.64	772.35	0.1870	
Univ: 237	823.39	812.52	0.0014	
Univ: 238	797.26	751.44	2.9187	
Univ: 239	800.72	810.92	0.0151	
Univ: 240	804.66	795.44	0.3601	
Univ: 241	861.94	772.34	1.6980	
Univ: 242	809.09	757.25	11.2155	
Univ: 243	825.28	729.34	5.9503	
Univ: 244	805.33	708.12	9.6685	
Univ: 245	828.59	738.83	1.1760	
Univ: 246	754.26	869.04	0.0013	
Univ: 247	827.22	815.82	0.2226	
Univ: 248	780.23	763.17	5.2150	
Univ: 249	934.37	743.99	4.4342	
Univ: 250	760.90	765.94	0.7946	
Univ: 251	796.96	777.28	0.0585	
Univ: 252	810.06	755.95	6.2176	
Univ: 253	744.55	830.76	0.1765	
Univ: 254	805.61	761.15	6.3874	
Univ: 255	825.62	734.12	0.4716	
Univ: 256	782.49	807.89	0.0414	
Univ: 257	765.57	716.19	0.1362	
Univ: 258	835.33	760.65	0.0151	
Univ: 259	804.67	746.26	0.0202	
Univ: 260	834.67	835.67	0.0034	
Univ: 261	762.54	782.56	0.0074	
Univ: 262	795.47	789.58	0.0028	
Univ: 263	888.04	723.79	14.7964	
Univ: 264	804.68	796.61	0.0607	
Univ: 265	878.86	795.75	0.0215	
Univ: 266	768.64	742.90	6.8750	
Univ: 267	721.90	782.81	1.6141	
Univ: 268	738.73	830.61	0.0536	
Univ: 269	823.92	784.89	0.0009	
Univ: 270	802.83	721.67	17.6768	
Univ: 271	856.31	771.68	0.7679	
Univ: 272	870.01	864.58	0.0000	
Univ: 273	752.01	794.73	2.1786	
Univ: 274	776.81	727.60	0.0592	
Univ: 275	830.78	761.14	4.0765	
Univ: 276	843.30	835.85	0.0000	
Univ: 277	815.64	836.33	0.0674	
Univ: 278	726.17	656.33	2.0462	
Univ: 279	874.25	833.17	0.0007	
Univ: 280	960.20	763.61	0.9124	
Univ: 281	776.84	777.51	11.1783	
Univ: 282	835.57	852.49	0.3769	
Univ: 283	727.39	782.01	0.7524	
Univ: 284	775.01	739.83	1.1459	
Univ: 285	767.80	675.34	0.4202	
Univ: 286	824.50	767.46	0.3485	
Univ: 287	792.69	797.77	8.6603	
Univ: 288	812.09	684.92	0.2390	
Univ: 289	877.26	759.31	3.0062	
Univ: 290	770.46	766.47	0.0157	
Univ: 291	744.62	837.13	0.0417	
Univ: 292	925.83	814.66	0.0059	
Univ: 293	857.13	848.22	0.0007	
Univ: 294	772.31	741.93	0.4264	
Univ: 295	874.48	763.09	2.0081	
Univ: 296	845.96	855.41	0.0023	
Univ: 297	777.99	790.30	16.8349	
Univ: 298	910.87	751.15	4.0699	
Univ: 299	858.14	791.17	0.3898	
Univ: 300	852.34	823.19	0.0543	
Univ: 301	879.64	782.49	0.0024	
Univ: 302	802.28	641.66	0.0122	
Univ: 303	837.73	725.59	0.0042	
Univ: 304	782.40	726.28	3.2037	
Univ: 305	791.31	824.57	0.0186	
Univ: 306	735.17	788.89	0.6695	
Univ: 307	800.72	786.57	0.8105	
Univ: 308	692.76	784.67	0.2080	
Univ: 309	682.16	803.94	1.5607	
Univ: 310	875.45	764.76	7.1465	
Univ: 311	768.87	801.27	0.0209	
Univ: 312	779.37	813.89	0.0804	
Univ: 313	738.07	751.13	4.3513	
Univ: 314	811.64	794.02	0.0067	
Univ: 315	880.75	789.55	0.0063	
Univ: 316	875.97	732.29	1.6807	
Univ: 317	802.85	706.11	0.2922	
Univ: 318	680.44	807.56	0.0008	
Univ: 319	753.44	749.07	13.8434	
Univ: 320	793.75	770.65	0.1130	
Univ: 321	765.33	735.08	0.2586	
Univ: 322	711.40	808.51	1.1302	
Univ: 323	925.88	786.56	0.9110	
Univ: 324	741.89	789.72	0.1457	
Univ: 325	867.06	767.23	0.0327	
Univ: 326	775.13	759.27	0.0002	
Univ: 327	872.30	824.95	0.0201	
Univ: 328	832.62	737.86	0.8027	
Univ: 329	714.90	757.38	0.4880	
Univ: 330	795.60	792.94	0.1981	
Univ: 331	811.69	775.89	0.0477	
Univ: 332	858.70	811.64	0.0125	
Univ: 333	915.45	768.60	0.2264	
Univ: 334	863.79	791.19	13.6813	
Univ: 335	854.77	812.43	0.0244	
Univ: 336	807.33	653.46	0.0887	
Univ: 337	771.83	742.61	16.7803	
Univ: 338	756.68	750.33	22.4286	
Univ: 339	833.54	852.32	0.1759	
Univ: 340	833.35	773.91	0.8105	
Univ: 341	764.10	736.92	0.4612	
Univ: 342	771.57	742.29	0.0024	
Univ: 343	855.08	801.72	0.0735	
Univ: 344	777.33	709.67	2.7639	
Univ: 345	696.48	746.08	0.5048	
Univ: 346	908.50	723.91	0.1904	
Univ: 347	828.42	752.67	0.1014	
Univ: 348	902.98	727.19	0.6703	
Univ: 349	785.53	841.50	0.0007	
Univ: 350	832.90	735.05	5.6875	
Univ: 351	831.17	771.56	0.6352	
Univ: 352	949.97	743.14	1.1435	
Univ: 353	878.68	747.98	0.2372	
Univ: 354	651.71	800.22	0.6716	
Univ: 355	839.34	808.49	0.0343	
Univ: 356	814.74	698.01	4.7618	
Univ: 357	912.41	764.95	5.4689	
Univ: 358	846.03	798.37	0.0030	
Univ: 359	781.37	783.22	0.0117	
Univ: 360	722.11	731.18	0.0235	
Univ: 361	908.42	743.10	1.1331	
Univ: 362	832.77	669.40	0.9613	
Univ: 363	881.04	756.70	0.0174	
Univ: 364	835.35	768.20	0.0000	
Univ: 365	791.65	810.99	0.0001	
Univ: 366	847.98	765.26	0.0169	
Univ: 367	873.88	750.63	1.5290	
Univ: 368	807.51	731.22	0.9813	
Univ: 369	794.90	754.66	2.7365	
Univ: 370	795.76	715.77	9.0738	
Univ: 371	784.56	806.82	0.0482	
Univ: 372	901.95	790.53	0.0086	
Univ: 373	840.66	785.34	0.0240	
Univ: 374	774.76	873.94	0.0307	
Univ: 375	830.83	821.97	0.0291	
Univ: 376	829.18	738.13	0.1758	
Univ: 377	769.69	764.57	2.3611	
Univ: 378	767.10	791.37	0.3195	
Univ: 379	824.19	777.11	0.4178	
Univ: 380	848.02	793.79	3.8291	
Univ: 381	716.11	732.44	7.2453	
Univ: 382	749.50	692.24	0.0675	
Univ: 383	882.91	775.98	11.9961	
Univ: 384	821.79	743.17	1.9574	
Univ: 385	800.63	867.80	0.0026	
Univ: 386	751.13	753.96	0.4697	
Univ: 387	707.15	816.28	0.0113	
Univ: 388	817.14	749.10	0.8464	
Univ: 389	849.10	823.45	0.1145	
Univ: 390	735.60	741.87	3.0815	
Univ: 391	905.91	730.92	8.0480	
Univ: 392	804.24	808.21	0.0045	
Univ: 393	861.85	805.25	0.0063	
Univ: 394	752.16	773.50	0.0012	
Univ: 395	821.47	776.35	1.2843	
Univ: 396	909.66	776.83	0.0033	
Univ: 397	742.66	678.03	0.1930	
Univ: 398	864.79	807.99	0.1864	
Univ: 399	857.52	754.42	0.0000	
Univ: 400	777.59	763.39	0.6373	
Univ: 401	822.30	796.45	0.1288	
Univ: 402	817.38	700.38	0.2784	
Univ: 403	742.30	744.92	0.0311	
Univ: 404	865.41	787.68	0.1043	
Univ: 405	889.28	778.53	0.5650	
Univ: 406	812.92	786.76	3.2724	
Univ: 407	834.29	758.31	0.1049	
Univ: 408	825.59	759.94	0.4202	
Univ: 409	807.63	809.02	0.1785	
Univ: 410	768.18	819.01	2.0844	
Univ: 411	834.64	843.55	0.0039	
Univ: 412	804.85	789.60	0.0053	
Univ: 413	787.10	846.65	0.0264	
Univ: 414	851.06	740.12	5.8217	
Univ: 415	837.12	721.99	1.3046	
Univ: 416	849.31	767.40	0.0720	
Univ: 417	822.39	735.07	0.5362	
Univ: 418	762.37	743.63	0.1466	
Univ: 419	845.33	810.17	0.0033	
Univ: 420	852.88	783.48	0.0010	
Univ: 421	786.43	867.53	0.0019	
Univ: 422	837.02	808.68	0.0023	
Univ: 423	750.43	788.23	0.2383	
Univ: 424	767.52	761.03	0.0138	
Univ: 425	748.13	828.28	0.0124	
Univ: 426	829.71	775.36	0.1004	
Univ: 427	872.16	737.81	0.0042	
Univ: 428	826.73	713.80	8.1962	
Univ: 429	777.55	765.27	0.2314	
Univ: 430	728.42	813.67	0.1158	
Univ: 431	865.55	675.28	0.9368	
Univ: 432	680.33	735.37	0.0321	
Univ: 433	827.92	738.90	2.4206	
Univ: 434	791.60	817.32	0.0010	
Univ: 435	1045.18	753.60	0.0104	
Univ: 436	843.71	779.86	0.8342	
Univ: 437	884.30	773.10	1.5669	
Univ: 438	790.63	840.74	0.0014	
Univ: 439	807.25	900.27	0.0006	
Univ: 440	717.55	843.61	0.0260	
Univ: 441	700.18	743.18	0.2629	
Univ: 442	853.69	777.55	5.9711	
Univ: 443	792.36	740.64	0.1965	
Univ: 444	785.15	717.68	0.0702	
Univ: 445	929.67	820.71	1.1415	
Univ: 446	828.94	744.78	23.9161	
Univ: 447	779.95	882.30	0.0000	
Univ: 448	783.51	796.68	13.9463	
Univ: 449	777.49	824.52	0.3023	
Univ: 450	863.90	824.44	0.4548	
Univ: 451	816.51	785.17	2.1815	
Univ: 452	748.90	762.51	0.5119	
Univ: 453	888.51	761.08	2.7943	
Univ: 454	940.16	723.98	21.1727	
Univ: 455	859.00	843.18	0.0056	
Univ: 456	728.89	755.22	0.1038	
Univ: 457	890.22	714.62	0.5594	
Univ: 458	770.55	768.50	0.0016	
Univ: 459	824.19	747.12	5.8157	
Univ: 460	709.67	623.02	0.1335	
Univ: 461	774.56	773.35	12.6646	
Univ: 462	814.02	735.66	0.8824	
Univ: 463	849.61	782.66	0.0962	
Univ: 464	841.38	801.17	0.0430	
Univ: 465	769.29	805.23	4.3050	
Univ: 466	766.87	762.04	0.0151	
Univ: 467	862.70	794.26	0.0700	
Univ: 468	815.82	769.43	0.0137	
Univ: 469	740.27	862.64	0.0001	
Univ: 470	726.92	858.29	0.0072	
Univ: 471	840.74	709.92	0.0269	
Univ: 472	705.60	763.90	0.0296	
Univ: 473	917.30	809.98	3.3365	
Univ: 474	798.80	694.71	1.4278	
Univ: 475	772.35	784.51	2.7681	
Univ: 476	812.52	717.57	1.8295	
Univ: 477	754.26	770.74	0.0737	
Univ: 478	814.03	838.40	0.5887	
Univ: 479	845.95	777.96	0.7016	
Univ: 480	751.44	819.16	0.0231	
Univ: 481	785.14	777.84	0.0007	
Univ: 482	810.92	745.75	6.6250	
Univ: 483	837.79	753.50	14.3099	
Univ: 484	879.29	748.99	0.0185	
Univ: 485	940.95	830.10	0.2753	
Univ: 486	795.44	801.42	0.3365	
Univ: 487	792.23	772.91	3.5359	
Univ: 488	772.34	800.64	0.0021	
Univ: 489	757.25	808.07	0.0742	
Univ: 490	729.34	778.03	0.0538	
Univ: 491	708.12	875.36	0.0108	
Univ: 492	738.83	737.34	0.2402	
Univ: 493	859.67	840.26	0.1317	
Univ: 494	869.04	759.24	1.3161	
Univ: 495	815.82	734.67	6.9599	
Univ: 496	763.17	825.60	0.0072	
Univ: 497	913.39	722.88	0.0922	
Univ: 498	828.52	818.30	0.0177	
Univ: 499	852.81	787.95	0.0037	
Univ: 500	888.95	811.98	0.0312	
Univ: 501	743.99	789.61	0.0000	
Univ: 502	765.94	861.21	0.0000	
Univ: 503	777.28	847.47	0.0000	
Univ: 504	810.15	847.00	0.0005	
Univ: 505	755.95	853.35	0.0000	
Univ: 506	830.76	849.56	0.0001	
Univ: 507	761.15	854.35	0.0000	
Univ: 508	734.12	876.66	0.0000	
Univ: 509	822.06	808.80	0.0001	
Univ: 510	938.96	843.99	0.0000	
Univ: 511	842.01	909.93	0.0000	
Univ: 512	807.89	802.76	0.0000	
Univ: 513	806.20	840.70	0.0000	
Univ: 514	716.19	803.50	0.0018	
Univ: 515	760.65	815.26	0.0000	
Univ: 516	746.26	818.31	0.0126	
Univ: 517	851.71	785.40	0.0067	
Univ: 518	961.59	889.26	0.0000	
Univ: 519	826.00	796.44	0.0000	
Univ: 520	835.67	875.82	0.0000	
Univ: 521	782.56	836.18	0.0000	
Univ: 522	789.58	976.00	0.0000	
Univ: 523	876.93	833.44	0.0000	
Univ: 524	871.29	843.11	0.0000	
Univ: 525	827.96	779.90	0.1034	
Univ: 526	900.33	805.67	0.0001	
Univ: 527	835.96	820.41	0.0035	
Univ: 528	723.79	822.94	0.0002	
Univ: 529	796.61	889.73	0.0000	
Univ: 530	862.54	834.04	0.0000	
Univ: 531	795.75	846.14	0.0002	
Univ: 532	786.12	859.56	0.0000	
Univ: 533	823.97	822.97	0.0011	
Univ: 534	742.90	872.62	0.0000	
Univ: 535	825.42	811.87	0.0001	
Univ: 536	888.68	757.37	0.0119	
Univ: 537	782.81	809.87	0.0003	
Univ: 538	761.02	746.91	0.0240	
Univ: 539	774.24	801.94	0.0002	
Univ: 540	888.46	823.61	0.0068	
Univ: 541	820.51	866.47	0.0000	
Univ: 542	830.61	823.19	0.0011	
Univ: 543	784.89	887.33	0.0000	
Univ: 544	721.67	876.83	0.0000	
Univ: 545	841.75	824.91	0.0000	
Univ: 546	771.68	884.04	0.0000	
Univ: 547	864.58	866.60	0.0000	
Univ: 548	794.73	882.70	0.0000	
Univ: 549	823.99	820.14	0.0000	
Univ: 550	727.60	892.64	0.0000	
Univ: 551	761.14	838.54	0.0000	
Univ: 552	835.85	873.14	0.0001	
Univ: 553	974.16	763.80	0.0000	
Univ: 554	864.66	831.81	0.0000	
Univ: 555	836.33	879.54	0.0000	
Univ: 556	656.33	792.04	0.0000	
Univ: 557	864.21	847.04	0.0001	
Univ: 558	833.17	777.03	0.0003	
Univ: 559	845.82	897.27	0.0000	
Univ: 560	763.61	832.73	0.0000	
Univ: 561	777.51	816.96	0.0115	
Univ: 562	852.49	907.91	0.0000	
Univ: 563	859.97	847.52	0.0000	
Univ: 564	782.01	914.33	0.0000	
Univ: 565	776.23	763.23	0.0692	
Univ: 566	906.73	883.87	0.0000	
Univ: 567	739.83	900.55	0.0000	
Univ: 568	844.32	833.13	0.0000	
Univ: 569	799.93	855.82	0.0000	
Univ: 570	675.34	818.03	0.0001	
Univ: 571	767.46	962.05	0.0000	
Univ: 572	797.77	940.87	0.0000	
Univ: 573	819.14	828.66	0.0003	
Univ: 574	824.01	911.61	0.0000	
Univ: 575	844.16	821.15	0.0000	
Univ: 576	817.05	828.60	0.0000	
Univ: 577	684.92	809.96	0.0006	
Univ: 578	759.31	796.55	0.0006	
Univ: 579	766.47	862.74	0.0000	
Univ: 580	837.44	828.39	0.0000	
Univ: 581	780.04	820.13	0.0000	
Univ: 582	804.34	861.47	0.0005	
Univ: 583	762.29	766.33	0.0009	
Univ: 584	861.22	915.10	0.0000	
Univ: 585	871.95	926.24	0.0000	
Univ: 586	837.13	878.50	0.0000	
Univ: 587	814.66	906.41	0.0000	
Univ: 588	848.22	896.67	0.0000	
Univ: 589	809.95	835.42	0.0000	
Univ: 590	834.22	790.09	0.0021	
Univ: 591	830.88	909.20	0.0000	
Univ: 592	894.11	789.65	0.0000	
Univ: 593	741.93	926.95	0.0000	
Univ: 594	763.09	951.32	0.0000	
Univ: 595	800.07	817.04	0.0039	
Univ: 596	873.77	968.87	0.0000	
Univ: 597	857.68	859.12	0.0000	
Univ: 598	855.41	840.30	0.0001	
Univ: 599	841.24	835.14	0.0000	
Univ: 600	862.49	889.46	0.0000	
Univ: 601	915.94	736.08	0.0055	
Univ: 602	790.30	811.22	0.0115	
Univ: 603	910.26	898.80	0.0000	
Univ: 604	865.95	880.70	0.0000	
Univ: 605	751.15	892.30	0.0000	
Univ: 606	877.77	912.84	0.0000	
Univ: 607	791.17	883.17	0.0000	
Univ: 608	887.48	871.49	0.0000	
Univ: 609	823.19	860.62	0.0002	
Univ: 610	846.45	853.44	0.0000	
Univ: 611	842.26	798.48	0.0020	
Univ: 612	825.48	883.62	0.0000	
Univ: 613	782.49	890.01	0.0011	
Univ: 614	851.87	928.36	0.0000	
Univ: 615	822.92	799.70	0.0056	
Univ: 616	808.42	964.08	0.0000	
Univ: 617	641.66	959.06	0.0000	
Univ: 618	725.59	831.32	0.0000	
Univ: 619	726.28	787.79	0.0027	
Univ: 620	873.68	880.77	0.0000	
Univ: 621	909.90	904.64	0.0000	
Univ: 622	815.25	823.39	0.0014	
Univ: 623	824.57	800.72	0.0000	
Univ: 624	792.26	804.66	0.0000	
Univ: 625	788.89	861.94	0.0000	
Univ: 626	813.09	809.09	0.0000	
Univ: 627	786.57	934.37	0.0000	
Univ: 628	784.67	760.90	0.0000	
Univ: 629	837.23	796.96	0.0000	
Univ: 630	779.94	825.62	0.0000	
Univ: 631	803.94	782.49	0.0003	
Univ: 632	764.76	765.57	0.0153	
Univ: 633	801.27	835.33	0.0005	
Univ: 634	813.89	834.67	0.0000	
Univ: 635	890.40	888.04	0.0000	
Univ: 636	751.13	878.86	0.0000	
Univ: 637	819.08	823.92	0.0000	
Univ: 638	794.02	802.83	0.0001	
Univ: 639	789.55	856.31	0.0000	
Univ: 640	732.29	870.01	0.0000	
Univ: 641	944.25	830.78	0.0010	
Univ: 642	845.18	843.30	0.0000	
Univ: 643	804.65	815.64	0.0003	
Univ: 644	760.76	874.25	0.0000	
Univ: 645	706.11	960.20	0.0000	
Univ: 646	807.56	776.84	0.0001	
Univ: 647	749.07	835.57	0.0000	
Univ: 648	770.65	824.50	0.0000	
Univ: 649	735.08	812.09	0.0015	
Univ: 650	772.98	877.26	0.0000	
Univ: 651	808.51	925.83	0.0000	
Univ: 652	786.56	857.13	0.0002	
Univ: 653	790.67	874.48	0.0000	
Univ: 654	898.62	845.96	0.0000	
Univ: 655	784.00	910.87	0.0000	
Univ: 656	789.72	852.34	0.0000	
Univ: 657	767.23	879.64	0.0000	
Univ: 658	759.27	875.45	0.0009	
Univ: 659	824.95	768.87	0.0001	
Univ: 660	737.86	811.64	0.0198	
Univ: 661	757.38	880.75	0.0000	
Univ: 662	792.94	875.97	0.0000	
Univ: 663	775.89	925.88	0.0000	
Univ: 664	811.64	867.06	0.0002	
Univ: 665	768.60	872.30	0.0000	
Univ: 666	791.19	832.62	0.0002	
Univ: 667	836.33	858.70	0.0000	
Univ: 668	812.43	915.45	0.0000	
Univ: 669	860.86	863.79	0.0000	
Univ: 670	653.46	854.77	0.0000	
Univ: 671	742.61	833.54	0.0000	
Univ: 672	750.33	764.10	0.0148	
Univ: 673	788.30	777.33	0.0680	
Univ: 674	852.32	908.50	0.0000	
Univ: 675	773.91	828.42	0.0160	
Univ: 676	736.92	902.98	0.0000	
Univ: 677	822.86	832.90	0.0000	
Univ: 678	742.29	949.97	0.0000	
Univ: 679	852.45	839.34	0.0000	
Univ: 680	803.38	814.74	0.0066	
Univ: 681	760.75	912.41	0.0000	
Univ: 682	886.57	908.42	0.0000	
Univ: 683	801.72	881.04	0.0000	
Univ: 684	858.92	835.35	0.0000	
Univ: 685	806.71	873.88	0.0000	
Univ: 686	709.67	795.76	0.0026	
Univ: 687	746.08	901.95	0.0000	
Univ: 688	723.91	774.76	0.0000	
Univ: 689	752.67	830.83	0.0000	
Univ: 690	727.19	769.69	0.0001	
Univ: 691	861.78	824.19	0.0000	
Univ: 692	841.50	848.02	0.0009	
Univ: 693	735.05	882.91	0.0000	
Univ: 694	771.56	751.13	0.1048	
Univ: 695	743.14	849.10	0.0000	
Univ: 696	843.97	905.91	0.0000	
Univ: 697	877.88	804.24	0.0001	
Univ: 698	747.98	861.85	0.0000	
Univ: 699	821.70	909.66	0.0000	
Univ: 700	800.22	864.79	0.0000	
Univ: 701	808.49	857.52	0.0004	
Univ: 702	698.01	777.59	0.0021	
Univ: 703	764.95	822.30	0.0000	
Univ: 704	798.37	865.41	0.0000	
Univ: 705	783.22	889.28	0.0000	
Univ: 706	731.18	812.92	0.0001	
Univ: 707	743.10	834.29	0.0000	
Univ: 708	856.81	825.59	0.0088	
Univ: 709	669.40	807.63	0.0013	
Univ: 710	907.45	768.18	0.0006	
Univ: 711	808.67	834.64	0.0000	
Univ: 712	809.97	851.06	0.0017	
Univ: 713	756.70	849.31	0.0013	
Univ: 714	768.20	822.39	0.0007	
Univ: 715	904.11	845.33	0.0000	
Univ: 716	810.99	837.02	0.0010	
Univ: 717	765.26	750.43	0.0123	
Univ: 718	894.10	829.71	0.0000	
Univ: 719	879.12	872.16	0.0000	
Univ: 720	850.60	826.73	0.0000	
Univ: 721	917.08	865.55	0.0003	
Univ: 722	871.94	1045.18	0.0000	
Univ: 723	750.63	843.71	0.0000	
Univ: 724	731.22	884.30	0.0000	
Univ: 725	754.66	853.69	0.0000	
Univ: 726	858.08	929.67	0.0000	
Univ: 727	784.64	828.94	0.0000	
Univ: 728	715.77	777.49	0.0011	
Univ: 729	845.33	863.90	0.0000	
Univ: 730	806.82	888.51	0.0000	
Univ: 731	790.53	940.16	0.0000	
Univ: 732	785.34	890.22	0.0000	
Univ: 733	1014.65	770.55	0.0054	
Univ: 734	873.94	824.19	0.0011	
Univ: 735	893.08	766.87	0.0647	
Univ: 736	828.08	862.70	0.0000	
Univ: 737	821.97	840.74	0.0000	
Univ: 738	738.13	917.30	0.0000	
Univ: 739	764.57	754.26	0.0094	
Univ: 740	805.65	814.03	0.0019	
Univ: 741	900.39	845.95	0.0000	
Univ: 742	791.37	785.14	0.0000	
Univ: 743	777.11	837.79	0.0000	
Univ: 744	898.68	879.29	0.0000	
Univ: 745	793.79	940.95	0.0000	
Univ: 746	732.44	792.23	0.0006	
Univ: 747	692.24	859.67	0.0000	
Univ: 748	775.98	913.39	0.0000	
Univ: 749	743.17	828.52	0.0000	
Univ: 750	867.80	852.81	0.0000	
Univ: 751	753.96	888.95	0.0000	
Univ: 752	816.28	810.15	0.0367	
Univ: 753	749.10	822.06	0.0000	
Univ: 754	823.45	938.96	0.0000	
Univ: 755	741.87	842.01	0.0000	
Univ: 756	730.92	806.20	0.0000	
Univ: 757	808.21	851.71	0.0000	
Univ: 758	805.25	961.59	0.0000	
Univ: 759	780.88	826.00	0.0072	
Univ: 760	926.22	876.93	0.0000	
Univ: 761	911.35	871.29	0.0043	
Univ: 762	773.50	827.96	0.0000	
Univ: 763	776.35	900.33	0.0000	
Univ: 764	829.49	835.96	0.0000	
Univ: 765	848.82	862.54	0.0000	
Univ: 766	775.23	786.12	0.0338	
Univ: 767	776.83	823.97	0.0002	
Univ: 768	678.03	825.42	0.0004	
Univ: 769	982.89	888.68	0.0000	
Univ: 770	852.92	761.02	0.0000	
Univ: 771	807.99	774.24	0.0021	
Univ: 772	876.56	888.46	0.0000	
Univ: 773	754.42	820.51	0.0000	
Univ: 774	763.39	841.75	0.0000	
Univ: 775	878.29	823.99	0.0211	
Univ: 776	856.48	974.16	0.0000	
Univ: 777	796.45	864.66	0.0000	
Univ: 778	700.38	864.21	0.0000	
Univ: 779	744.92	845.82	0.0001	
Univ: 780	838.39	859.97	0.0000	
Univ: 781	841.55	776.23	0.0001	
Univ: 782	763.39	906.73	0.0000	
Univ: 783	787.68	844.32	0.0000	
Univ: 784	815.75	799.93	0.0004	
Univ: 785	778.53	819.14	0.0001	
Univ: 786	786.76	824.01	0.0000	
Univ: 787	758.31	844.16	0.0017	
Univ: 788	759.94	817.05	0.0001	
Univ: 789	809.02	837.44	0.0036	
Univ: 790	824.84	780.04	0.0105	
Univ: 791	831.77	804.34	0.0152	
Univ: 792	777.35	762.29	0.0005	
Univ: 793	830.66	861.22	0.0000	
Univ: 794	864.73	871.95	0.0000	
Univ: 795	897.91	809.95	0.0063	
Univ: 796	819.01	834.22	0.0000	
Univ: 797	843.55	830.88	0.0000	
Univ: 798	789.60	894.11	0.0000	
Univ: 799	846.65	800.07	0.0000	
Univ: 800	892.48	873.77	0.0000	
Univ: 801	740.12	857.68	0.0003	
Univ: 802	919.79	841.24	0.0005	
Univ: 803	721.99	862.49	0.0000	
Univ: 804	1018.30	915.94	0.0000	
Univ: 805	853.38	910.26	0.0000	
Univ: 806	959.15	865.95	0.0000	
Univ: 807	767.40	877.77	0.0000	
Univ: 808	783.52	887.48	0.0001	
Univ: 809	760.55	846.45	0.0000	
Univ: 810	819.17	842.26	0.0012	
Univ: 811	735.07	825.48	0.0013	
Univ: 812	842.75	851.87	0.0001	
Univ: 813	743.63	822.92	0.0000	
Univ: 814	810.17	808.42	0.0047	
Univ: 815	783.48	873.68	0.0000	
Univ: 816	815.18	909.90	0.0000	
Univ: 817	867.53	815.25	0.0000	
Univ: 818	839.73	792.26	0.0000	
Univ: 819	808.68	813.09	0.0032	
Univ: 820	750.11	837.23	0.0000	
Univ: 821	788.23	779.94	0.0000	
Univ: 822	761.03	890.40	0.0000	
Univ: 823	892.10	819.08	0.0000	
Univ: 824	780.74	944.25	0.0000	
Univ: 825	831.90	845.18	0.0000	
Univ: 826	828.28	804.65	0.0014	
Univ: 827	813.54	760.76	0.0000	
Univ: 828	775.36	772.98	0.0070	
Univ: 829	842.56	790.67	0.0000	
Univ: 830	737.81	898.62	0.0000	
Univ: 831	713.80	784.00	0.0003	
Univ: 832	770.08	836.33	0.0000	
Univ: 833	765.27	860.86	0.0000	
Univ: 834	813.67	788.30	0.0004	
Univ: 835	675.28	822.86	0.0000	
Univ: 836	735.37	852.45	0.0000	
Univ: 837	738.90	803.38	0.0230	
Univ: 838	817.26	760.75	0.0120	
Univ: 839	821.47	886.57	0.0000	
Univ: 840	817.32	858.92	0.0000	
Univ: 841	753.60	806.71	0.0011	
Univ: 842	837.77	861.78	0.0000	
Univ: 843	960.41	843.97	0.0000	
Univ: 844	851.52	877.88	0.0000	
Univ: 845	844.00	821.70	0.0001	
Univ: 846	850.43	856.81	0.0002	
Univ: 847	779.86	907.45	0.0000	
Univ: 848	861.12	808.67	0.0000	
Univ: 849	790.73	809.97	0.0006	
Univ: 850	904.77	904.11	0.0000	
Univ: 851	773.10	894.10	0.0000	
Univ: 852	823.15	879.12	0.0000	
Univ: 853	825.64	850.60	0.0057	
Univ: 854	840.74	917.08	0.0000	
Univ: 855	900.27	871.94	0.0000	
Univ: 856	843.61	858.08	0.0000	
Univ: 857	817.55	784.64	0.0146	
Univ: 858	743.18	845.33	0.0000	
Univ: 859	935.35	1014.65	0.0000	
Univ: 860	996.32	893.08	0.0000	
Univ: 861	777.55	828.08	0.0001	
Univ: 862	740.64	805.65	0.0033	
Univ: 863	881.23	900.39	0.0000	
Univ: 864	717.68	898.68	0.0000	
Univ: 865	830.69	780.88	0.0024	
Univ: 866	917.30	926.22	0.0000	
Univ: 867	820.71	911.35	0.0000	
Univ: 868	744.78	829.49	0.0000	
Univ: 869	882.30	848.82	0.0000	
Univ: 870	796.68	775.23	0.0003	
Univ: 871	824.52	982.89	0.0000	
Univ: 872	821.83	852.92	0.0000	
Univ: 873	824.44	876.56	0.0002	
Univ: 874	785.17	878.29	0.0000	
Univ: 875	857.29	856.48	0.0004	
Univ: 876	799.17	838.39	0.0000	
Univ: 877	878.01	841.55	0.0000	
Univ: 878	762.51	763.39	0.0000	
Univ: 879	845.07	815.75	0.1831	
Univ: 880	763.55	824.84	0.0011	
Univ: 881	815.85	831.77	0.0000	
Univ: 882	761.08	777.35	0.0027	
Univ: 883	723.98	830.66	0.0001	
Univ: 884	928.04	864.73	0.0000	
Univ: 885	963.59	897.91	0.0000	
Univ: 886	843.18	892.48	0.0001	
Univ: 887	823.09	919.79	0.0000	
Univ: 888	755.22	1018.30	0.0000	
Univ: 889	858.84	853.38	0.0000	
Univ: 890	714.62	959.15	0.0000	
Univ: 891	823.51	783.52	0.0383	
Univ: 892	827.05	760.55	0.0007	
Univ: 893	951.54	819.17	0.0000	
Univ: 894	896.78	842.75	0.0000	
Univ: 895	768.50	815.18	0.0000	
Univ: 896	747.12	839.73	0.0000	
Univ: 897	623.02	750.11	0.0002	
Univ: 898	1006.15	892.10	0.0000	
Univ: 899	848.66	780.74	0.0634	
Univ: 900	887.01	831.90	0.0000	
Univ: 901	827.98	813.54	0.0003	
Univ: 902	862.67	842.56	0.0000	
Univ: 903	773.35	770.08	0.0001	
Univ: 904	917.08	817.26	0.0001	
Univ: 905	735.66	821.47	0.0002	
Univ: 906	782.66	837.77	0.0000	
Univ: 907	801.17	960.41	0.0000	
Univ: 908	805.23	851.52	0.0000	
Univ: 909	837.79	844.00	0.0000	
Univ: 910	902.92	850.43	0.0000	
Univ: 911	827.27	861.12	0.0000	
Univ: 912	839.81	790.73	0.0000	
Univ: 913	868.39	904.77	0.0000	
Univ: 914	766.01	823.15	0.0000	
Univ: 915	762.04	825.64	0.0000	
Univ: 916	970.41	817.55	0.0023	
Univ: 917	877.48	935.35	0.0000	
Univ: 918	917.07	996.32	0.0000	
Univ: 919	773.12	881.23	0.0000	
Univ: 920	794.26	830.69	0.0058	
Univ: 921	769.43	917.30	0.0000	
Univ: 922	809.11	821.83	0.0025	
Univ: 923	839.30	857.29	0.0000	
Univ: 924	862.64	799.17	0.0002	
Univ: 925	760.11	878.01	0.0000	
Univ: 926	858.29	845.07	0.0000	
Univ: 927	867.60	763.55	0.0001	
Univ: 928	709.92	815.85	0.0004	
Univ: 929	763.90	928.04	0.0000	
Univ: 930	809.98	963.59	0.0000	
Univ: 931	809.93	823.09	0.0012	
Univ: 932	1062.21	858.84	0.0000	
Univ: 933	761.35	823.51	0.0009	
Univ: 934	694.71	827.05	0.0000	
Univ: 935	764.26	951.54	0.0000	
Univ: 936	782.73	896.78	0.0000	
Univ: 937	784.51	1006.15	0.0000	
Univ: 938	717.57	848.66	0.0007	
Univ: 939	831.27	887.01	0.0000	
Univ: 940	868.26	827.98	0.0000	
Univ: 941	820.83	862.67	0.0000	
Univ: 942	876.02	917.08	0.0000	
Univ: 943	889.02	837.79	0.0000	
Univ: 944	826.45	902.92	0.0000	
Univ: 945	852.91	827.27	0.0001	
Univ: 946	836.05	839.81	0.0012	
Univ: 947	770.74	868.39	0.0001	
Univ: 948	788.52	766.01	0.0056	
Univ: 949	838.40	970.41	0.0000	
Univ: 950	893.43	877.48	0.0001	
Univ: 951	777.96	917.07	0.0000	
Univ: 952	824.90	773.12	0.0089	
Univ: 953	819.16	809.11	0.0000	
Univ: 954	881.83	839.30	0.0000	
Univ: 955	777.84	760.11	0.0001	
Univ: 956	745.75	867.60	0.0000	
Univ: 957	753.50	809.93	0.0000	
Univ: 958	748.99	1062.21	0.0000	
Univ: 959	851.21	761.35	0.0001	
Univ: 960	845.97	764.26	0.0000	
Univ: 961	851.48	782.73	0.0143	
Univ: 962	853.57	831.27	0.0016	
Univ: 963	830.10	868.26	0.0000	
Univ: 964	905.23	820.83	0.0002	
Univ: 965	801.42	876.02	0.0000	
Univ: 966	772.91	889.02	0.0000	
Univ: 967	800.64	826.45	0.0000	
Univ: 968	779.36	852.91	0.0000	
Univ: 969	820.47	836.05	0.0000	
Univ: 970	808.07	788.52	0.0279	
Univ: 971	789.29	893.43	0.0000	
Univ: 972	780.09	824.90	0.0000	
Univ: 973	778.03	881.83	0.0000	
Univ: 974	794.58	851.21	0.0000	
Univ: 975	875.36	845.97	0.0004	
Univ: 976	920.54	851.48	0.0000	
Univ: 977	828.98	853.57	0.0000	
Univ: 978	737.34	905.23	0.0000	
Univ: 979	893.15	779.36	0.0421	
Univ: 980	908.10	820.47	0.0000	
Univ: 981	840.26	789.29	0.0000	
Univ: 982	759.24	780.09	0.0000	
Univ: 983	734.67	794.58	0.0000	
Univ: 984	825.60	920.54	0.0000	
Univ: 985	760.78	828.98	0.0000	
Univ: 986	821.54	893.15	0.0000	
Univ: 987	845.71	908.10	0.0000	
Univ: 988	722.88	760.78	0.0000	
Univ: 989	818.30	821.54	0.0000	
Univ: 990	779.38	845.71	0.0000	
Univ: 991	847.37	779.38	0.0193	
Univ: 992	888.73	847.37	0.0000	
Univ: 993	787.95	888.73	0.0000	
Univ: 994	928.16	928.16	0.0000	
Univ: 995	817.78	817.78	0.0000	
Univ: 996	904.84	904.84	0.0000	
Univ: 997	804.92	804.92	0.0062	
Univ: 998	798.37	798.37	0.0000	
Univ: 999	849.10	849.10	0.0000	
