CV:    -1	42.83	38.23	
Univ:   0	42.84	36.55	4.7996	
Univ:   1	36.55	40.14	0.4793	
Univ:   2	40.14	40.12	1.7721	
Univ:   3	40.56	38.59	0.0265	
Univ:   4	40.12	31.80	2.0172	
Univ:   5	48.08	39.61	18.2290	
Univ:   6	38.59	39.00	6.0805	
Univ:   7	47.13	37.76	0.0146	
Univ:   8	44.02	49.41	0.0004	
Univ:   9	31.80	38.46	1.7594	
Univ:  10	39.61	39.99	0.0766	
Univ:  11	48.16	41.03	0.7419	
Univ:  12	39.00	46.29	0.0040	
Univ:  13	47.38	34.42	0.9884	
Univ:  14	37.76	34.78	3.7430	
Univ:  15	49.41	33.72	2.3940	
Univ:  16	38.46	39.09	0.0000	
Univ:  17	39.99	40.28	1.1059	
Univ:  18	41.03	39.28	0.5576	
Univ:  19	49.73	40.78	0.4062	
Univ:  20	46.29	38.49	8.8922	
Univ:  21	48.47	37.76	1.5933	
Univ:  22	39.40	39.81	2.6269	
Univ:  23	49.15	46.14	0.0001	
Univ:  24	55.19	36.38	1.4874	
Univ:  25	34.42	40.26	7.7481	
Univ:  26	39.75	37.10	17.6498	
Univ:  27	47.33	43.81	0.0009	
Univ:  28	34.78	42.17	4.5745	
Univ:  29	44.84	47.00	0.0003	
Univ:  30	33.72	39.80	0.0193	
Univ:  31	39.09	43.28	0.0494	
Univ:  32	42.81	41.58	0.3966	
Univ:  33	40.28	44.40	1.6450	
Univ:  34	39.28	40.33	0.0201	
Univ:  35	46.76	43.06	0.0087	
Univ:  36	43.97	44.55	0.0244	
Univ:  37	53.67	43.24	0.0577	
Univ:  38	39.89	45.84	0.0001	
Univ:  39	49.02	42.11	0.0473	
Univ:  40	40.78	35.03	0.5808	
Univ:  41	38.49	35.55	14.5763	
Univ:  42	46.41	38.42	26.9529	
Univ:  43	37.76	43.42	0.7016	
Univ:  44	39.81	32.55	2.7736	
Univ:  45	53.45	41.53	0.0235	
Univ:  46	46.14	40.77	0.0095	
Univ:  47	44.51	41.82	0.0129	
Univ:  48	36.38	46.04	0.0008	
Univ:  49	47.29	46.99	0.0030	
Univ:  50	40.26	35.42	0.6466	
Univ:  51	37.10	37.40	0.0040	
Univ:  52	41.37	37.24	11.4931	
Univ:  53	40.82	40.12	2.6397	
Univ:  54	43.81	36.83	0.0894	
Univ:  55	42.17	46.62	0.0015	
Univ:  56	47.00	38.46	5.7128	
Univ:  57	44.64	44.18	0.0052	
Univ:  58	43.47	41.90	0.0783	
Univ:  59	50.05	41.49	0.0194	
Univ:  60	45.47	39.21	4.3324	
Univ:  61	46.49	37.24	1.0557	
Univ:  62	48.41	41.83	0.0226	
Univ:  63	39.80	45.87	0.0181	
Univ:  64	43.28	36.09	3.9175	
Univ:  65	41.58	43.47	0.0000	
Univ:  66	44.40	40.98	0.3415	
Univ:  67	40.33	46.48	0.0084	
Univ:  68	43.06	32.81	0.1674	
Univ:  69	44.55	42.30	0.0586	
Univ:  70	45.16	38.78	1.6557	
Univ:  71	43.24	42.37	0.0107	
Univ:  72	48.60	42.00	1.4372	
Univ:  73	45.84	46.54	0.0084	
Univ:  74	41.24	42.95	0.1002	
Univ:  75	40.06	44.66	0.0041	
Univ:  76	44.39	41.34	0.0228	
Univ:  77	42.11	38.98	0.0001	
Univ:  78	35.03	39.41	0.0120	
Univ:  79	38.91	43.52	0.0490	
Univ:  80	35.55	37.98	0.0345	
Univ:  81	38.42	33.12	10.2078	
Univ:  82	43.42	41.70	0.0006	
Univ:  83	43.36	46.83	0.0006	
Univ:  84	32.55	36.73	0.5262	
Univ:  85	43.35	43.15	6.2670	
Univ:  86	47.67	45.50	0.0189	
Univ:  87	44.47	41.97	2.3601	
Univ:  88	41.53	47.75	0.0079	
Univ:  89	47.86	31.33	1.9393	
Univ:  90	49.72	43.74	0.1171	
Univ:  91	43.13	36.36	4.6141	
Univ:  92	40.77	46.49	0.0016	
Univ:  93	48.01	40.54	0.0003	
Univ:  94	47.49	38.07	8.0226	
Univ:  95	41.82	42.85	0.0009	
Univ:  96	46.04	39.09	0.0862	
Univ:  97	50.27	39.05	0.1362	
Univ:  98	43.75	39.60	5.0591	
Univ:  99	46.99	43.04	0.0254	
Univ: 100	35.42	38.31	0.0020	
Univ: 101	50.46	35.57	2.7334	
Univ: 102	44.48	36.69	0.1932	
Univ: 103	48.64	40.81	0.0646	
Univ: 104	41.29	40.72	6.9364	
Univ: 105	46.53	38.30	22.2632	
Univ: 106	50.73	37.62	0.3077	
Univ: 107	37.40	41.53	0.2392	
Univ: 108	37.24	41.66	0.7333	
Univ: 109	40.12	45.89	0.0140	
Univ: 110	36.83	42.64	0.0016	
Univ: 111	46.62	40.53	2.5337	
Univ: 112	38.46	44.81	0.0015	
Univ: 113	42.71	38.92	0.0187	
Univ: 114	44.18	49.33	0.0056	
Univ: 115	46.41	39.62	0.0069	
Univ: 116	39.87	43.07	0.0106	
Univ: 117	48.86	42.28	0.0397	
Univ: 118	44.70	41.74	0.0440	
Univ: 119	43.47	37.33	2.1269	
Univ: 120	49.45	41.25	0.0488	
Univ: 121	46.24	39.22	0.0000	
Univ: 122	41.90	42.02	0.2953	
Univ: 123	41.49	39.89	0.2646	
Univ: 124	39.21	42.16	0.0061	
Univ: 125	37.24	41.46	0.0005	
Univ: 126	52.58	39.12	0.9268	
Univ: 127	41.67	42.06	6.5918	
Univ: 128	41.83	41.24	2.5873	
Univ: 129	45.37	42.75	6.4736	
Univ: 130	47.47	39.12	13.3334	
Univ: 131	44.60	36.26	5.9443	
Univ: 132	46.78	37.86	0.0003	
Univ: 133	43.05	42.04	0.0893	
Univ: 134	45.87	40.53	0.0272	
Univ: 135	53.14	39.32	1.2869	
Univ: 136	36.09	40.35	0.2487	
Univ: 137	52.62	39.73	0.0007	
Univ: 138	43.96	44.19	4.9736	
Univ: 139	43.47	40.87	0.0012	
Univ: 140	40.98	35.37	0.0367	
Univ: 141	46.48	40.93	0.2020	
Univ: 142	32.81	41.49	0.0157	
Univ: 143	42.30	47.21	0.0000	
Univ: 144	51.85	43.48	0.0557	
Univ: 145	38.78	49.40	0.0159	
Univ: 146	43.16	41.05	0.4268	
Univ: 147	42.37	40.92	1.3398	
Univ: 148	44.62	39.85	30.7099	
Univ: 149	42.00	41.42	6.3116	
Univ: 150	42.61	39.05	0.4250	
Univ: 151	46.54	35.68	0.0693	
Univ: 152	42.95	40.65	0.0024	
Univ: 153	44.77	36.67	1.5828	
Univ: 154	44.66	43.44	0.0046	
Univ: 155	45.53	34.35	2.2674	
Univ: 156	41.34	41.18	0.0554	
Univ: 157	43.08	43.47	0.1773	
Univ: 158	41.57	40.18	3.4980	
Univ: 159	44.03	36.13	12.5155	
Univ: 160	41.51	37.17	6.1035	
Univ: 161	38.98	40.65	0.8375	
Univ: 162	50.95	39.35	1.8636	
Univ: 163	39.41	40.63	0.0003	
Univ: 164	43.52	40.96	0.3594	
Univ: 165	37.98	43.48	0.0058	
Univ: 166	33.12	39.58	0.0004	
Univ: 167	49.04	38.37	0.0210	
Univ: 168	41.70	43.71	0.0334	
Univ: 169	46.83	41.23	0.0530	
Univ: 170	36.73	49.15	0.0005	
Univ: 171	43.15	35.93	1.8832	
Univ: 172	46.15	39.98	0.2410	
Univ: 173	53.28	44.37	0.0001	
Univ: 174	54.13	48.49	0.0002	
Univ: 175	44.82	32.50	1.8549	
Univ: 176	45.50	44.89	0.0001	
Univ: 177	41.97	41.81	0.5346	
Univ: 178	47.75	36.39	14.8848	
Univ: 179	31.33	46.56	0.0150	
Univ: 180	43.90	41.47	0.0429	
Univ: 181	50.35	44.39	0.0003	
Univ: 182	43.74	43.62	0.0023	
Univ: 183	41.12	44.00	0.0755	
Univ: 184	36.36	42.47	0.0592	
Univ: 185	46.49	45.49	0.0012	
Univ: 186	53.16	45.36	0.0348	
Univ: 187	51.46	39.85	0.1146	
Univ: 188	42.92	36.60	1.1583	
Univ: 189	54.31	39.14	9.6988	
Univ: 190	40.54	43.34	0.0561	
Univ: 191	38.07	42.10	0.0006	
Univ: 192	45.41	36.36	3.9773	
Univ: 193	45.63	43.82	0.1298	
Univ: 194	42.85	35.44	5.8177	
Univ: 195	44.74	38.92	7.6397	
Univ: 196	45.24	41.42	0.0286	
Univ: 197	39.10	38.68	0.5847	
Univ: 198	39.09	42.23	0.2290	
Univ: 199	42.81	39.67	21.0149	
Univ: 200	39.05	42.77	0.0015	
Univ: 201	39.60	41.05	0.0048	
Univ: 202	46.88	44.51	0.0749	
Univ: 203	43.04	39.31	14.6963	
Univ: 204	45.18	44.56	0.0003	
Univ: 205	38.31	38.94	0.0208	
Univ: 206	35.57	39.29	5.7900	
Univ: 207	52.48	38.91	0.0095	
Univ: 208	36.69	40.26	0.0022	
Univ: 209	50.59	37.35	0.2263	
Univ: 210	53.66	35.25	1.2614	
Univ: 211	40.81	45.69	0.0861	
Univ: 212	49.09	42.65	0.5203	
Univ: 213	48.79	42.14	0.3046	
Univ: 214	40.72	44.29	0.0161	
Univ: 215	46.15	37.27	14.7436	
Univ: 216	38.30	37.87	2.2251	
Univ: 217	37.62	41.33	0.0002	
Univ: 218	41.53	39.16	0.0075	
Univ: 219	43.20	38.71	0.3756	
Univ: 220	46.77	40.96	0.0001	
Univ: 221	50.62	41.97	0.0126	
Univ: 222	41.66	38.98	0.1208	
Univ: 223	45.89	45.45	0.0000	
Univ: 224	50.77	39.43	0.2889	
Univ: 225	43.37	37.54	1.2883	
Univ: 226	52.87	41.26	0.0537	
Univ: 227	42.64	44.17	0.8044	
Univ: 228	40.53	45.76	0.0001	
Univ: 229	53.68	46.05	0.0262	
Univ: 230	44.81	43.65	0.2674	
Univ: 231	38.92	42.23	0.4516	
Univ: 232	43.68	35.86	2.0138	
Univ: 233	49.33	37.52	0.0013	
Univ: 234	41.08	36.38	10.6045	
Univ: 235	49.12	42.53	4.4163	
Univ: 236	48.36	38.40	0.1870	
Univ: 237	43.56	43.37	0.0014	
Univ: 238	39.62	38.10	2.9187	
Univ: 239	43.24	42.85	0.0151	
Univ: 240	43.94	40.86	0.3601	
Univ: 241	50.09	38.16	1.6980	
Univ: 242	44.67	38.14	11.2155	
Univ: 243	43.07	37.78	5.9503	
Univ: 244	42.28	36.12	9.6685	
Univ: 245	41.74	36.53	1.1760	
Univ: 246	37.33	46.56	0.0013	
Univ: 247	41.25	43.03	0.2226	
Univ: 248	39.22	41.25	5.2150	
Univ: 249	49.05	35.09	4.4342	
Univ: 250	41.43	39.04	0.7946	
Univ: 251	40.66	43.36	0.0585	
Univ: 252	42.02	39.01	6.2176	
Univ: 253	39.89	45.73	0.1765	
Univ: 254	42.16	41.64	6.3874	
Univ: 255	43.70	39.12	0.4716	
Univ: 256	40.42	43.55	0.0414	
Univ: 257	37.31	37.74	0.1362	
Univ: 258	43.69	41.01	0.0151	
Univ: 259	41.46	40.68	0.0202	
Univ: 260	48.35	43.74	0.0034	
Univ: 261	39.12	39.83	0.0074	
Univ: 262	42.06	41.07	0.0028	
Univ: 263	49.97	37.61	14.7964	
Univ: 264	41.24	41.35	0.0607	
Univ: 265	47.90	44.69	0.0215	
Univ: 266	42.75	41.32	6.8750	
Univ: 267	39.12	39.65	1.6141	
Univ: 268	36.26	45.06	0.0536	
Univ: 269	42.98	41.77	0.0009	
Univ: 270	42.51	35.71	17.6768	
Univ: 271	45.65	40.94	0.7679	
Univ: 272	47.02	47.64	0.0000	
Univ: 273	37.86	41.15	2.1786	
Univ: 274	42.04	37.45	0.0592	
Univ: 275	44.62	38.06	4.0765	
Univ: 276	44.49	43.95	0.0000	
Univ: 277	42.95	45.13	0.0674	
Univ: 278	40.53	33.62	2.0462	
Univ: 279	50.64	43.90	0.0007	
Univ: 280	53.55	39.16	0.9124	
Univ: 281	41.82	40.08	11.1783	
Univ: 282	43.90	44.58	0.3769	
Univ: 283	39.32	42.02	0.7524	
Univ: 284	40.35	39.14	1.1459	
Univ: 285	39.73	33.32	0.4202	
Univ: 286	45.18	38.38	0.3485	
Univ: 287	44.19	42.80	8.6603	
Univ: 288	42.75	35.02	0.2390	
Univ: 289	50.12	41.38	3.0062	
Univ: 290	40.87	41.62	0.0157	
Univ: 291	35.37	44.70	0.0417	
Univ: 292	51.73	44.94	0.0059	
Univ: 293	48.01	46.83	0.0007	
Univ: 294	40.93	36.32	0.4264	
Univ: 295	48.58	39.79	2.0081	
Univ: 296	42.04	45.33	0.0023	
Univ: 297	41.49	40.03	16.8349	
Univ: 298	50.53	38.73	4.0699	
Univ: 299	47.21	42.73	0.3898	
Univ: 300	47.65	44.65	0.0543	
Univ: 301	46.19	41.57	0.0024	
Univ: 302	43.48	31.08	0.0122	
Univ: 303	49.40	37.16	0.0042	
Univ: 304	41.05	36.87	3.2037	
Univ: 305	40.92	43.23	0.0186	
Univ: 306	39.85	38.99	0.6695	
Univ: 307	41.42	39.51	0.8105	
Univ: 308	39.05	41.51	0.2080	
Univ: 309	35.68	41.97	1.5607	
Univ: 310	48.21	40.45	7.1465	
Univ: 311	42.01	37.78	0.0209	
Univ: 312	40.65	42.51	0.0804	
Univ: 313	36.67	38.33	4.3513	
Univ: 314	39.80	42.72	0.0067	
Univ: 315	49.87	40.11	0.0063	
Univ: 316	50.32	37.71	1.6807	
Univ: 317	43.44	32.88	0.2922	
Univ: 318	34.35	45.02	0.0008	
Univ: 319	41.18	40.49	13.8434	
Univ: 320	43.47	40.62	0.1130	
Univ: 321	40.18	41.24	0.2586	
Univ: 322	36.13	42.66	1.1302	
Univ: 323	49.45	42.67	0.9110	
Univ: 324	37.17	41.39	0.1457	
Univ: 325	48.46	40.60	0.0327	
Univ: 326	40.65	40.21	0.0002	
Univ: 327	49.51	44.99	0.0201	
Univ: 328	46.39	36.83	0.8027	
Univ: 329	39.35	40.25	0.4880	
Univ: 330	40.63	40.66	0.1981	
Univ: 331	40.96	38.65	0.0477	
Univ: 332	49.15	43.73	0.0125	
Univ: 333	52.56	41.68	0.2264	
Univ: 334	45.36	42.57	13.6813	
Univ: 335	44.33	43.70	0.0244	
Univ: 336	43.48	32.23	0.0887	
Univ: 337	39.58	37.75	16.7803	
Univ: 338	38.37	37.22	22.4286	
Univ: 339	44.04	44.85	0.1759	
Univ: 340	43.71	40.64	0.8105	
Univ: 341	40.73	36.78	0.4612	
Univ: 342	41.23	37.89	0.0024	
Univ: 343	49.15	43.05	0.0735	
Univ: 344	40.66	37.76	2.7639	
Univ: 345	35.93	38.57	0.5048	
Univ: 346	49.99	38.63	0.1904	
Univ: 347	44.23	39.21	0.1014	
Univ: 348	50.18	38.71	0.6703	
Univ: 349	39.98	44.40	0.0007	
Univ: 350	43.63	37.87	5.6875	
Univ: 351	44.37	40.01	0.6352	
Univ: 352	53.70	40.54	1.1435	
Univ: 353	48.49	35.67	0.2372	
Univ: 354	32.50	46.89	0.6716	
Univ: 355	45.94	44.81	0.0343	
Univ: 356	41.21	36.25	4.7618	
Univ: 357	51.65	39.31	5.4689	
Univ: 358	44.89	43.48	0.0030	
Univ: 359	41.81	41.00	0.0117	
Univ: 360	36.39	35.62	0.0235	
Univ: 361	45.95	37.48	1.1331	
Univ: 362	46.56	31.66	0.9613	
Univ: 363	47.28	40.79	0.0174	
Univ: 364	47.26	41.31	0.0000	
Univ: 365	41.47	43.35	0.0001	
Univ: 366	44.39	40.14	0.0169	
Univ: 367	47.07	39.90	1.5290	
Univ: 368	43.62	38.43	0.9813	
Univ: 369	44.00	40.00	2.7365	
Univ: 370	42.74	35.46	9.0738	
Univ: 371	42.47	43.61	0.0482	
Univ: 372	48.24	42.39	0.0086	
Univ: 373	45.49	40.45	0.0240	
Univ: 374	43.09	46.30	0.0307	
Univ: 375	43.08	43.97	0.0291	
Univ: 376	45.36	38.16	0.1758	
Univ: 377	41.24	38.97	2.3611	
Univ: 378	39.85	40.46	0.3195	
Univ: 379	44.67	41.70	0.4178	
Univ: 380	44.53	42.17	3.8291	
Univ: 381	36.60	37.41	7.2453	
Univ: 382	39.14	34.85	0.0675	
Univ: 383	51.19	41.55	11.9961	
Univ: 384	43.34	39.14	1.9574	
Univ: 385	42.10	46.49	0.0026	
Univ: 386	38.19	39.14	0.4697	
Univ: 387	36.36	42.95	0.0113	
Univ: 388	43.82	36.15	0.8464	
Univ: 389	46.47	44.88	0.1145	
Univ: 390	35.44	37.44	3.0815	
Univ: 391	51.37	38.70	8.0480	
Univ: 392	43.44	43.13	0.0045	
Univ: 393	44.54	42.17	0.0063	
Univ: 394	38.92	43.28	0.0012	
Univ: 395	41.42	40.85	1.2843	
Univ: 396	48.61	40.74	0.0033	
Univ: 397	38.68	34.47	0.1930	
Univ: 398	44.68	41.26	0.1864	
Univ: 399	46.04	42.26	0.0000	
Univ: 400	44.74	39.45	0.6373	
Univ: 401	44.44	43.61	0.1288	
Univ: 402	42.23	34.71	0.2784	
Univ: 403	39.67	36.19	0.0311	
Univ: 404	46.25	43.83	0.1043	
Univ: 405	48.32	42.20	0.5650	
Univ: 406	42.85	44.71	3.2724	
Univ: 407	45.24	40.93	0.1049	
Univ: 408	45.16	39.07	0.4202	
Univ: 409	42.72	45.14	0.1785	
Univ: 410	39.18	44.16	2.0844	
Univ: 411	45.68	44.94	0.0039	
Univ: 412	42.77	41.81	0.0053	
Univ: 413	41.05	48.21	0.0264	
Univ: 414	46.43	42.11	5.8217	
Univ: 415	44.51	35.77	1.3046	
Univ: 416	45.49	38.92	0.0720	
Univ: 417	41.24	37.92	0.5362	
Univ: 418	39.31	38.40	0.1466	
Univ: 419	46.40	42.68	0.0033	
Univ: 420	44.56	42.42	0.0010	
Univ: 421	38.94	43.78	0.0019	
Univ: 422	45.62	43.09	0.0023	
Univ: 423	39.23	40.49	0.2383	
Univ: 424	39.29	39.76	0.0138	
Univ: 425	38.91	42.93	0.0124	
Univ: 426	44.69	41.37	0.1004	
Univ: 427	48.56	38.51	0.0042	
Univ: 428	43.33	35.83	8.1962	
Univ: 429	40.26	39.18	0.2314	
Univ: 430	37.35	44.34	0.1158	
Univ: 431	48.77	32.21	0.9368	
Univ: 432	35.25	36.59	0.0321	
Univ: 433	45.69	37.00	2.4206	
Univ: 434	42.65	42.22	0.0010	
Univ: 435	60.98	39.02	0.0104	
Univ: 436	44.52	41.49	0.8342	
Univ: 437	46.74	38.96	1.5669	
Univ: 438	42.14	46.09	0.0014	
Univ: 439	44.29	48.81	0.0006	
Univ: 440	37.27	48.17	0.0260	
Univ: 441	37.87	39.97	0.2629	
Univ: 442	44.83	42.11	5.9711	
Univ: 443	41.33	38.11	0.1965	
Univ: 444	39.16	35.14	0.0702	
Univ: 445	51.22	40.91	1.1415	
Univ: 446	45.71	38.39	23.9161	
Univ: 447	38.71	44.45	0.0000	
Univ: 448	40.96	42.90	13.9463	
Univ: 449	39.64	40.74	0.3023	
Univ: 450	47.66	43.38	0.4548	
Univ: 451	41.97	39.17	2.1815	
Univ: 452	38.98	38.78	0.5119	
Univ: 453	47.35	40.67	2.7943	
Univ: 454	53.32	37.61	21.1727	
Univ: 455	45.45	45.03	0.0056	
Univ: 456	39.43	39.28	0.1038	
Univ: 457	49.12	37.15	0.5594	
Univ: 458	40.88	40.43	0.0016	
Univ: 459	44.58	38.36	5.8157	
Univ: 460	37.54	30.39	0.1335	
Univ: 461	41.26	40.54	12.6646	
Univ: 462	44.17	37.60	0.8824	
Univ: 463	45.76	41.50	0.0962	
Univ: 464	46.05	43.70	0.0430	
Univ: 465	43.65	43.39	4.3050	
Univ: 466	39.44	39.10	0.0151	
Univ: 467	45.83	42.27	0.0700	
Univ: 468	42.23	42.28	0.0137	
Univ: 469	35.86	45.35	0.0001	
Univ: 470	37.52	46.77	0.0072	
Univ: 471	43.47	38.72	0.0269	
Univ: 472	36.38	40.66	0.0296	
Univ: 473	52.12	39.97	3.3365	
Univ: 474	42.53	37.07	1.4278	
Univ: 475	38.40	41.78	2.7681	
Univ: 476	43.37	35.24	1.8295	
Univ: 477	40.48	38.21	0.0737	
Univ: 478	41.78	45.60	0.5887	
Univ: 479	46.39	41.01	0.7016	
Univ: 480	38.10	44.18	0.0231	
Univ: 481	39.75	40.28	0.0007	
Univ: 482	42.85	39.96	6.6250	
Univ: 483	44.71	40.24	14.3099	
Univ: 484	48.61	38.78	0.0185	
Univ: 485	53.85	46.17	0.2753	
Univ: 486	40.86	41.98	0.3365	
Univ: 487	43.36	39.79	3.5359	
Univ: 488	38.16	43.61	0.0021	
Univ: 489	38.14	43.61	0.0742	
Univ: 490	37.78	40.66	0.0538	
Univ: 491	36.12	46.95	0.0108	
Univ: 492	36.53	39.09	0.2402	
Univ: 493	46.60	47.29	0.1317	
Univ: 494	46.56	38.97	1.3161	
Univ: 495	43.03	35.24	6.9599	
Univ: 496	41.25	46.04	0.0072	
Univ: 497	52.02	37.96	0.0922	
Univ: 498	44.68	42.93	0.0177	
Univ: 499	48.24	41.11	0.0037	
Univ: 500	48.88	42.84	0.0312	
Univ: 501	35.09	40.56	0.0000	
Univ: 502	39.04	48.08	0.0000	
Univ: 503	43.36	47.13	0.0000	
Univ: 504	44.61	44.02	0.0005	
Univ: 505	39.01	48.16	0.0000	
Univ: 506	45.73	47.38	0.0001	
Univ: 507	41.64	49.73	0.0000	
Univ: 508	39.12	48.47	0.0000	
Univ: 509	48.14	39.40	0.0001	
Univ: 510	51.85	49.15	0.0000	
Univ: 511	47.14	55.19	0.0000	
Univ: 512	43.55	39.75	0.0000	
Univ: 513	47.11	47.33	0.0000	
Univ: 514	37.74	44.84	0.0018	
Univ: 515	41.01	42.81	0.0000	
Univ: 516	40.68	46.76	0.0126	
Univ: 517	49.05	43.97	0.0067	
Univ: 518	54.74	53.67	0.0000	
Univ: 519	43.95	39.89	0.0000	
Univ: 520	43.74	49.02	0.0000	
Univ: 521	39.83	46.41	0.0000	
Univ: 522	41.07	53.45	0.0000	
Univ: 523	48.41	44.51	0.0000	
Univ: 524	46.56	47.29	0.0000	
Univ: 525	42.25	41.37	0.1034	
Univ: 526	50.83	40.82	0.0001	
Univ: 527	42.58	44.64	0.0035	
Univ: 528	37.61	43.47	0.0002	
Univ: 529	41.35	50.05	0.0000	
Univ: 530	49.40	45.47	0.0000	
Univ: 531	44.69	46.49	0.0002	
Univ: 532	42.90	48.41	0.0000	
Univ: 533	43.92	45.16	0.0011	
Univ: 534	41.32	48.60	0.0000	
Univ: 535	45.07	41.24	0.0001	
Univ: 536	48.65	40.06	0.0119	
Univ: 537	39.65	44.39	0.0003	
Univ: 538	39.96	38.91	0.0240	
Univ: 539	40.48	43.36	0.0002	
Univ: 540	53.17	43.35	0.0068	
Univ: 541	43.73	47.67	0.0000	
Univ: 542	45.06	44.47	0.0011	
Univ: 543	41.77	47.86	0.0000	
Univ: 544	35.71	49.72	0.0000	
Univ: 545	46.58	43.13	0.0000	
Univ: 546	40.94	48.01	0.0000	
Univ: 547	47.64	47.49	0.0000	
Univ: 548	41.15	50.27	0.0000	
Univ: 549	43.43	43.75	0.0000	
Univ: 550	37.45	50.46	0.0000	
Univ: 551	38.06	44.48	0.0000	
Univ: 552	43.95	48.64	0.0001	
Univ: 553	54.82	41.29	0.0000	
Univ: 554	46.88	46.53	0.0000	
Univ: 555	45.13	50.73	0.0000	
Univ: 556	33.62	42.71	0.0000	
Univ: 557	46.63	46.41	0.0001	
Univ: 558	43.90	39.87	0.0003	
Univ: 559	50.80	48.86	0.0000	
Univ: 560	39.16	44.70	0.0000	
Univ: 561	40.08	43.47	0.0115	
Univ: 562	44.58	49.45	0.0000	
Univ: 563	46.71	46.24	0.0000	
Univ: 564	42.02	52.58	0.0000	
Univ: 565	39.93	41.67	0.0692	
Univ: 566	54.61	45.37	0.0000	
Univ: 567	39.14	47.47	0.0000	
Univ: 568	45.11	44.60	0.0000	
Univ: 569	41.91	46.78	0.0000	
Univ: 570	33.32	43.05	0.0001	
Univ: 571	38.38	53.14	0.0000	
Univ: 572	42.80	52.62	0.0000	
Univ: 573	41.01	43.96	0.0003	
Univ: 574	45.54	51.85	0.0000	
Univ: 575	46.20	43.16	0.0000	
Univ: 576	43.29	44.62	0.0000	
Univ: 577	35.02	42.61	0.0006	
Univ: 578	41.38	44.77	0.0006	
Univ: 579	41.62	45.53	0.0000	
Univ: 580	46.59	43.08	0.0000	
Univ: 581	38.57	41.57	0.0000	
Univ: 582	42.23	44.03	0.0005	
Univ: 583	41.31	41.51	0.0009	
Univ: 584	44.87	50.95	0.0000	
Univ: 585	46.64	49.04	0.0000	
Univ: 586	44.70	46.15	0.0000	
Univ: 587	44.94	53.28	0.0000	
Univ: 588	46.83	54.13	0.0000	
Univ: 589	41.75	44.82	0.0000	
Univ: 590	45.72	43.90	0.0021	
Univ: 591	43.90	50.35	0.0000	
Univ: 592	48.53	41.12	0.0000	
Univ: 593	36.32	53.16	0.0000	
Univ: 594	39.79	51.46	0.0000	
Univ: 595	44.73	42.92	0.0039	
Univ: 596	47.58	54.31	0.0000	
Univ: 597	48.85	45.41	0.0000	
Univ: 598	45.33	45.63	0.0001	
Univ: 599	46.26	44.74	0.0000	
Univ: 600	46.76	45.24	0.0000	
Univ: 601	51.58	39.10	0.0055	
Univ: 602	40.03	42.81	0.0115	
Univ: 603	49.58	46.88	0.0000	
Univ: 604	46.52	45.18	0.0000	
Univ: 605	38.73	52.48	0.0000	
Univ: 606	47.50	50.59	0.0000	
Univ: 607	42.73	53.66	0.0000	
Univ: 608	46.45	49.09	0.0000	
Univ: 609	44.65	48.79	0.0002	
Univ: 610	44.88	46.15	0.0000	
Univ: 611	44.86	43.20	0.0020	
Univ: 612	44.59	46.77	0.0000	
Univ: 613	41.57	50.62	0.0011	
Univ: 614	45.57	50.77	0.0000	
Univ: 615	44.28	43.37	0.0056	
Univ: 616	42.78	52.87	0.0000	
Univ: 617	31.08	53.68	0.0000	
Univ: 618	37.16	43.68	0.0000	
Univ: 619	36.87	41.08	0.0027	
Univ: 620	49.69	49.12	0.0000	
Univ: 621	54.32	48.36	0.0000	
Univ: 622	48.85	43.56	0.0014	
Univ: 623	43.23	43.24	0.0000	
Univ: 624	41.15	43.94	0.0000	
Univ: 625	38.99	50.09	0.0000	
Univ: 626	45.65	44.67	0.0000	
Univ: 627	39.51	49.05	0.0000	
Univ: 628	41.51	41.43	0.0000	
Univ: 629	45.74	40.66	0.0000	
Univ: 630	42.44	43.70	0.0000	
Univ: 631	41.97	40.42	0.0003	
Univ: 632	40.45	37.31	0.0153	
Univ: 633	37.78	43.69	0.0005	
Univ: 634	42.51	48.35	0.0000	
Univ: 635	48.00	49.97	0.0000	
Univ: 636	38.33	47.90	0.0000	
Univ: 637	44.68	42.98	0.0000	
Univ: 638	42.72	42.51	0.0001	
Univ: 639	40.11	45.65	0.0000	
Univ: 640	37.71	47.02	0.0000	
Univ: 641	52.07	44.62	0.0010	
Univ: 642	48.25	44.49	0.0000	
Univ: 643	43.65	42.95	0.0003	
Univ: 644	40.83	50.64	0.0000	
Univ: 645	32.88	53.55	0.0000	
Univ: 646	45.02	41.82	0.0001	
Univ: 647	40.49	43.90	0.0000	
Univ: 648	40.62	45.18	0.0000	
Univ: 649	41.24	42.75	0.0015	
Univ: 650	41.34	50.12	0.0000	
Univ: 651	42.66	51.73	0.0000	
Univ: 652	42.67	48.01	0.0002	
Univ: 653	42.29	48.58	0.0000	
Univ: 654	49.34	42.04	0.0000	
Univ: 655	43.71	50.53	0.0000	
Univ: 656	41.39	47.65	0.0000	
Univ: 657	40.60	46.19	0.0000	
Univ: 658	40.21	48.21	0.0009	
Univ: 659	44.99	42.01	0.0001	
Univ: 660	36.83	39.80	0.0198	
Univ: 661	40.25	49.87	0.0000	
Univ: 662	40.66	50.32	0.0000	
Univ: 663	38.65	49.45	0.0000	
Univ: 664	43.73	48.46	0.0002	
Univ: 665	41.68	49.51	0.0000	
Univ: 666	42.57	46.39	0.0002	
Univ: 667	46.96	49.15	0.0000	
Univ: 668	43.70	52.56	0.0000	
Univ: 669	47.02	45.36	0.0000	
Univ: 670	32.23	44.33	0.0000	
Univ: 671	37.75	44.04	0.0000	
Univ: 672	37.22	40.73	0.0148	
Univ: 673	41.49	40.66	0.0680	
Univ: 674	44.85	49.99	0.0000	
Univ: 675	40.64	44.23	0.0160	
Univ: 676	36.78	50.18	0.0000	
Univ: 677	43.51	43.63	0.0000	
Univ: 678	37.89	53.70	0.0000	
Univ: 679	48.91	45.94	0.0000	
Univ: 680	39.91	41.21	0.0066	
Univ: 681	41.08	51.65	0.0000	
Univ: 682	47.88	45.95	0.0000	
Univ: 683	43.05	47.28	0.0000	
Univ: 684	47.16	47.26	0.0000	
Univ: 685	41.55	47.07	0.0000	
Univ: 686	37.76	42.74	0.0026	
Univ: 687	38.57	48.24	0.0000	
Univ: 688	38.63	43.09	0.0000	
Univ: 689	39.21	43.08	0.0000	
Univ: 690	38.71	41.24	0.0001	
Univ: 691	45.24	44.67	0.0000	
Univ: 692	44.40	44.53	0.0009	
Univ: 693	37.87	51.19	0.0000	
Univ: 694	40.01	38.19	0.1048	
Univ: 695	40.54	46.47	0.0000	
Univ: 696	44.92	51.37	0.0000	
Univ: 697	48.62	43.44	0.0001	
Univ: 698	35.67	44.54	0.0000	
Univ: 699	46.17	48.61	0.0000	
Univ: 700	46.89	44.68	0.0000	
Univ: 701	44.81	46.04	0.0004	
Univ: 702	36.25	44.74	0.0021	
Univ: 703	39.31	44.44	0.0000	
Univ: 704	43.48	46.25	0.0000	
Univ: 705	41.00	48.32	0.0000	
Univ: 706	35.62	42.85	0.0001	
Univ: 707	37.48	45.24	0.0000	
Univ: 708	43.52	45.16	0.0088	
Univ: 709	31.66	42.72	0.0013	
Univ: 710	51.23	39.18	0.0006	
Univ: 711	42.19	45.68	0.0000	
Univ: 712	42.98	46.43	0.0017	
Univ: 713	40.79	45.49	0.0013	
Univ: 714	41.31	41.24	0.0007	
Univ: 715	46.74	46.40	0.0000	
Univ: 716	43.35	45.62	0.0010	
Univ: 717	40.14	39.23	0.0123	
Univ: 718	48.99	44.69	0.0000	
Univ: 719	45.57	48.56	0.0000	
Univ: 720	46.73	43.33	0.0000	
Univ: 721	51.67	48.77	0.0003	
Univ: 722	49.56	60.98	0.0000	
Univ: 723	39.90	44.52	0.0000	
Univ: 724	38.43	46.74	0.0000	
Univ: 725	40.00	44.83	0.0000	
Univ: 726	46.77	51.22	0.0000	
Univ: 727	38.89	45.71	0.0000	
Univ: 728	35.46	39.64	0.0011	
Univ: 729	47.52	47.66	0.0000	
Univ: 730	43.61	47.35	0.0000	
Univ: 731	42.39	53.32	0.0000	
Univ: 732	40.45	49.12	0.0000	
Univ: 733	58.90	40.88	0.0054	
Univ: 734	46.30	44.58	0.0011	
Univ: 735	49.48	39.44	0.0647	
Univ: 736	44.51	45.83	0.0000	
Univ: 737	43.97	43.47	0.0000	
Univ: 738	38.16	52.12	0.0000	
Univ: 739	38.97	40.48	0.0094	
Univ: 740	42.24	41.78	0.0019	
Univ: 741	53.95	46.39	0.0000	
Univ: 742	40.46	39.75	0.0000	
Univ: 743	41.70	44.71	0.0000	
Univ: 744	50.00	48.61	0.0000	
Univ: 745	42.17	53.85	0.0000	
Univ: 746	37.41	43.36	0.0006	
Univ: 747	34.85	46.60	0.0000	
Univ: 748	41.55	52.02	0.0000	
Univ: 749	39.14	44.68	0.0000	
Univ: 750	46.49	48.24	0.0000	
Univ: 751	39.14	48.88	0.0000	
Univ: 752	42.95	44.61	0.0367	
Univ: 753	36.15	48.14	0.0000	
Univ: 754	44.88	51.85	0.0000	
Univ: 755	37.44	47.14	0.0000	
Univ: 756	38.70	47.11	0.0000	
Univ: 757	43.13	49.05	0.0000	
Univ: 758	42.17	54.74	0.0000	
Univ: 759	42.99	43.95	0.0072	
Univ: 760	54.03	48.41	0.0000	
Univ: 761	47.93	46.56	0.0043	
Univ: 762	43.28	42.25	0.0000	
Univ: 763	40.85	50.83	0.0000	
Univ: 764	44.86	42.58	0.0000	
Univ: 765	44.84	49.40	0.0000	
Univ: 766	39.57	42.90	0.0338	
Univ: 767	40.74	43.92	0.0002	
Univ: 768	34.47	45.07	0.0004	
Univ: 769	57.41	48.65	0.0000	
Univ: 770	44.22	39.96	0.0000	
Univ: 771	41.26	40.48	0.0021	
Univ: 772	47.98	53.17	0.0000	
Univ: 773	42.26	43.73	0.0000	
Univ: 774	39.45	46.58	0.0000	
Univ: 775	48.95	43.43	0.0211	
Univ: 776	49.11	54.82	0.0000	
Univ: 777	43.61	46.88	0.0000	
Univ: 778	34.71	46.63	0.0000	
Univ: 779	36.19	50.80	0.0001	
Univ: 780	44.47	46.71	0.0000	
Univ: 781	46.04	39.93	0.0001	
Univ: 782	40.47	54.61	0.0000	
Univ: 783	43.83	45.11	0.0000	
Univ: 784	41.98	41.91	0.0004	
Univ: 785	42.20	41.01	0.0001	
Univ: 786	44.71	45.54	0.0000	
Univ: 787	40.93	46.20	0.0017	
Univ: 788	39.07	43.29	0.0001	
Univ: 789	45.14	46.59	0.0036	
Univ: 790	45.28	38.57	0.0105	
Univ: 791	43.44	42.23	0.0152	
Univ: 792	41.49	41.31	0.0005	
Univ: 793	43.18	44.87	0.0000	
Univ: 794	44.68	46.64	0.0000	
Univ: 795	48.80	41.75	0.0063	
Univ: 796	44.16	45.72	0.0000	
Univ: 797	44.94	43.90	0.0000	
Univ: 798	41.81	48.53	0.0000	
Univ: 799	48.21	44.73	0.0000	
Univ: 800	49.68	47.58	0.0000	
Univ: 801	42.11	48.85	0.0003	
Univ: 802	50.56	46.26	0.0005	
Univ: 803	35.77	46.76	0.0000	
Univ: 804	57.41	51.58	0.0000	
Univ: 805	45.26	49.58	0.0000	
Univ: 806	55.35	46.52	0.0000	
Univ: 807	38.92	47.50	0.0000	
Univ: 808	45.48	46.45	0.0001	
Univ: 809	39.03	44.88	0.0000	
Univ: 810	42.00	44.86	0.0012	
Univ: 811	37.92	44.59	0.0013	
Univ: 812	46.16	45.57	0.0001	
Univ: 813	38.40	44.28	0.0000	
Univ: 814	42.68	42.78	0.0047	
Univ: 815	42.42	49.69	0.0000	
Univ: 816	43.75	54.32	0.0000	
Univ: 817	43.78	48.85	0.0000	
Univ: 818	48.18	41.15	0.0000	
Univ: 819	43.09	45.65	0.0032	
Univ: 820	40.72	45.74	0.0000	
Univ: 821	40.49	42.44	0.0000	
Univ: 822	39.76	48.00	0.0000	
Univ: 823	49.06	44.68	0.0000	
Univ: 824	41.54	52.07	0.0000	
Univ: 825	47.95	48.25	0.0000	
Univ: 826	42.93	43.65	0.0014	
Univ: 827	44.52	40.83	0.0000	
Univ: 828	41.37	41.34	0.0070	
Univ: 829	44.51	42.29	0.0000	
Univ: 830	38.51	49.34	0.0000	
Univ: 831	35.83	43.71	0.0003	
Univ: 832	41.49	46.96	0.0000	
Univ: 833	39.18	47.02	0.0000	
Univ: 834	44.34	41.49	0.0004	
Univ: 835	32.21	43.51	0.0000	
Univ: 836	36.59	48.91	0.0000	
Univ: 837	37.00	39.91	0.0230	
Univ: 838	41.70	41.08	0.0120	
Univ: 839	42.25	47.88	0.0000	
Univ: 840	42.22	47.16	0.0000	
Univ: 841	39.02	41.55	0.0011	
Univ: 842	44.13	45.24	0.0000	
Univ: 843	54.56	44.92	0.0000	
Univ: 844	48.63	48.62	0.0000	
Univ: 845	43.84	46.17	0.0001	
Univ: 846	45.57	43.52	0.0002	
Univ: 847	41.49	51.23	0.0000	
Univ: 848	45.53	42.19	0.0000	
Univ: 849	43.65	42.98	0.0006	
Univ: 850	50.20	46.74	0.0000	
Univ: 851	38.96	48.99	0.0000	
Univ: 852	46.41	45.57	0.0000	
Univ: 853	44.82	46.73	0.0057	
Univ: 854	46.09	51.67	0.0000	
Univ: 855	48.81	49.56	0.0000	
Univ: 856	48.17	46.77	0.0000	
Univ: 857	45.26	38.89	0.0146	
Univ: 858	39.97	47.52	0.0000	
Univ: 859	49.19	58.90	0.0000	
Univ: 860	58.87	49.48	0.0000	
Univ: 861	42.11	44.51	0.0001	
Univ: 862	38.11	42.24	0.0033	
Univ: 863	48.67	53.95	0.0000	
Univ: 864	35.14	50.00	0.0000	
Univ: 865	46.70	42.99	0.0024	
Univ: 866	53.33	54.03	0.0000	
Univ: 867	40.91	47.93	0.0000	
Univ: 868	38.39	44.86	0.0000	
Univ: 869	44.45	44.84	0.0000	
Univ: 870	42.90	39.57	0.0003	
Univ: 871	40.74	57.41	0.0000	
Univ: 872	46.56	44.22	0.0000	
Univ: 873	43.38	47.98	0.0002	
Univ: 874	39.17	48.95	0.0000	
Univ: 875	44.29	49.11	0.0004	
Univ: 876	41.92	44.47	0.0000	
Univ: 877	49.94	46.04	0.0000	
Univ: 878	38.78	40.47	0.0000	
Univ: 879	44.92	41.98	0.1831	
Univ: 880	40.44	45.28	0.0011	
Univ: 881	42.34	43.44	0.0000	
Univ: 882	40.67	41.49	0.0027	
Univ: 883	37.61	43.18	0.0001	
Univ: 884	50.88	44.68	0.0000	
Univ: 885	56.65	48.80	0.0000	
Univ: 886	45.03	49.68	0.0001	
Univ: 887	45.71	50.56	0.0000	
Univ: 888	39.28	57.41	0.0000	
Univ: 889	46.94	45.26	0.0000	
Univ: 890	37.15	55.35	0.0000	
Univ: 891	42.77	45.48	0.0383	
Univ: 892	43.79	39.03	0.0007	
Univ: 893	54.63	42.00	0.0000	
Univ: 894	49.52	46.16	0.0000	
Univ: 895	40.43	43.75	0.0000	
Univ: 896	38.36	48.18	0.0000	
Univ: 897	30.39	40.72	0.0002	
Univ: 898	58.92	49.06	0.0000	
Univ: 899	44.43	41.54	0.0634	
Univ: 900	51.32	47.95	0.0000	
Univ: 901	46.44	44.52	0.0003	
Univ: 902	46.75	44.51	0.0000	
Univ: 903	40.54	41.49	0.0001	
Univ: 904	51.70	41.70	0.0001	
Univ: 905	37.60	42.25	0.0002	
Univ: 906	41.50	44.13	0.0000	
Univ: 907	43.70	54.56	0.0000	
Univ: 908	43.39	48.63	0.0000	
Univ: 909	46.86	43.84	0.0000	
Univ: 910	48.12	45.57	0.0000	
Univ: 911	42.94	45.53	0.0000	
Univ: 912	43.48	43.65	0.0000	
Univ: 913	47.96	50.20	0.0000	
Univ: 914	40.09	46.41	0.0000	
Univ: 915	39.10	44.82	0.0000	
Univ: 916	52.77	45.26	0.0023	
Univ: 917	51.56	49.19	0.0000	
Univ: 918	51.01	58.87	0.0000	
Univ: 919	39.93	48.67	0.0000	
Univ: 920	42.27	46.70	0.0058	
Univ: 921	42.28	53.33	0.0000	
Univ: 922	44.00	46.56	0.0025	
Univ: 923	48.22	44.29	0.0000	
Univ: 924	45.35	41.92	0.0002	
Univ: 925	38.73	49.94	0.0000	
Univ: 926	46.77	44.92	0.0000	
Univ: 927	47.10	40.44	0.0001	
Univ: 928	38.72	42.34	0.0004	
Univ: 929	40.66	50.88	0.0000	
Univ: 930	39.97	56.65	0.0000	
Univ: 931	40.28	45.71	0.0012	
Univ: 932	59.88	46.94	0.0000	
Univ: 933	42.74	42.77	0.0009	
Univ: 934	37.07	43.79	0.0000	
Univ: 935	40.41	54.63	0.0000	
Univ: 936	43.71	49.52	0.0000	
Univ: 937	41.78	58.92	0.0000	
Univ: 938	35.24	44.43	0.0007	
Univ: 939	43.67	51.32	0.0000	
Univ: 940	52.16	46.44	0.0000	
Univ: 941	42.91	46.75	0.0000	
Univ: 942	48.70	51.70	0.0000	
Univ: 943	47.79	46.86	0.0000	
Univ: 944	45.88	48.12	0.0000	
Univ: 945	45.84	42.94	0.0001	
Univ: 946	44.76	43.48	0.0012	
Univ: 947	38.21	47.96	0.0001	
Univ: 948	39.97	40.09	0.0056	
Univ: 949	45.60	52.77	0.0000	
Univ: 950	51.81	51.56	0.0001	
Univ: 951	41.01	51.01	0.0000	
Univ: 952	44.22	39.93	0.0089	
Univ: 953	44.18	44.00	0.0000	
Univ: 954	48.86	48.22	0.0000	
Univ: 955	40.28	38.73	0.0001	
Univ: 956	39.96	47.10	0.0000	
Univ: 957	40.24	40.28	0.0000	
Univ: 958	38.78	59.88	0.0000	
Univ: 959	46.08	42.74	0.0001	
Univ: 960	45.90	40.41	0.0000	
Univ: 961	46.55	43.71	0.0143	
Univ: 962	46.93	43.67	0.0016	
Univ: 963	46.17	52.16	0.0000	
Univ: 964	50.07	42.91	0.0002	
Univ: 965	41.98	48.70	0.0000	
Univ: 966	39.79	47.79	0.0000	
Univ: 967	43.61	45.88	0.0000	
Univ: 968	41.37	45.84	0.0000	
Univ: 969	46.99	44.76	0.0000	
Univ: 970	43.61	39.97	0.0279	
Univ: 971	44.13	51.81	0.0000	
Univ: 972	42.23	44.22	0.0000	
Univ: 973	40.66	48.86	0.0000	
Univ: 974	43.69	46.08	0.0000	
Univ: 975	46.95	45.90	0.0004	
Univ: 976	53.35	46.55	0.0000	
Univ: 977	46.16	46.93	0.0000	
Univ: 978	39.09	50.07	0.0000	
Univ: 979	49.69	41.37	0.0421	
Univ: 980	51.84	46.99	0.0000	
Univ: 981	47.29	44.13	0.0000	
Univ: 982	38.97	42.23	0.0000	
Univ: 983	35.24	43.69	0.0000	
Univ: 984	46.04	53.35	0.0000	
Univ: 985	36.47	46.16	0.0000	
Univ: 986	41.83	49.69	0.0000	
Univ: 987	43.90	51.84	0.0000	
Univ: 988	37.96	36.47	0.0000	
Univ: 989	42.93	41.83	0.0000	
Univ: 990	41.28	43.90	0.0000	
Univ: 991	44.97	41.28	0.0193	
Univ: 992	49.61	44.97	0.0000	
Univ: 993	41.11	49.61	0.0000	
Univ: 994	52.76	52.76	0.0000	
Univ: 995	43.99	43.99	0.0000	
Univ: 996	48.68	48.68	0.0000	
Univ: 997	42.70	42.70	0.0062	
Univ: 998	41.83	41.83	0.0000	
Univ: 999	46.07	46.07	0.0000	
